timestamp,fx,fy,cx,cy,pose 00,pose 01,pose 02,pose 03,pose 10,pose 11,pose 12,pose 13,pose 20,pose 21,pose 22,pose 23,pose 30,pose 31,pose 32,pose 33
9030638020,591.2131,592.22864,371.5718,200.20032,0.94558185,-0.0880882,-0.31323683,0.0,-0.17171922,0.68259764,-0.71033454,0.0,0.27638626,0.7254677,0.63032514,0.0,-0.30631673,-0.20813775,-0.55730927,1.0
9030971216,591.2131,592.22864,371.5718,200.20032,0.94647497,-0.09013082,-0.30994076,0.0,-0.16861585,0.6807329,-0.712863,0.0,0.27523717,0.72696716,0.6290984,0.0,-0.3058393,-0.20813864,-0.5575701,1.0
9031304413,591.2131,592.22864,371.5718,200.20032,0.94726866,-0.09218927,-0.3068955,0.0,-0.16534339,0.6797679,-0.7145479,0.0,0.2744912,0.7276115,0.6286798,0.0,-0.30548453,-0.20798671,-0.5579578,1.0
9031637609,591.2131,592.22864,371.5718,200.20032,0.9480171,-0.09421061,-0.30395722,0.0,-0.16216445,0.6788218,-0.7161747,0.0,0.27380347,0.7282362,0.6282565,0.0,-0.30518293,-0.20788902,-0.5584443,1.0
9031970806,591.2131,592.22864,371.5718,200.20032,0.94881356,-0.09595382,-0.30091268,0.0,-0.15902086,0.678038,-0.717621,0.0,0.27288783,0.7287388,0.628072,0.0,-0.3049382,-0.20780712,-0.5590701,1.0
9032304003,591.2131,592.22864,371.5718,200.20032,0.9496043,-0.096851796,-0.29811716,0.0,-0.15645456,0.6776793,-0.718523,0.0,0.2716172,0.72895324,0.6283732,0.0,-0.3047521,-0.20776129,-0.5598347,1.0
9032637199,591.2131,592.22864,371.5718,200.20032,0.95064664,-0.097059354,-0.29470587,0.0,-0.15404165,0.67685854,-0.7198167,0.0,0.26933894,0.7296879,0.628502,0.0,-0.30455184,-0.20786428,-0.56072104,1.0
9032970396,591.2131,592.22864,371.5718,200.20032,0.9518113,-0.09687109,-0.29098716,0.0,-0.15162906,0.6760927,-0.72104776,0.0,0.2665823,0.7304227,0.6288233,0.0,-0.3043692,-0.20800191,-0.5617126,1.0
9033303592,591.2131,592.22864,371.5718,200.20032,0.9529359,-0.09682779,-0.28729656,0.0,-0.14908203,0.67548406,-0.7221483,0.0,0.26398793,0.7309911,0.6292573,0.0,-0.30430806,-0.20812553,-0.5627533,1.0
9033636789,591.2131,592.22864,371.5718,200.20032,0.9537751,-0.09728302,-0.28434384,0.0,-0.14688441,0.67454433,-0.72347605,0.0,0.26218385,0.73179805,0.6290734,0.0,-0.3045088,-0.20830214,-0.5636908,1.0
9033969986,591.2131,592.22864,371.5718,200.20032,0.95410335,-0.09881204,-0.2827111,0.0,-0.14493516,0.67374265,-0.72461486,0.0,0.26207468,0.7323315,0.62849826,0.0,-0.30510223,-0.20840847,-0.5645144,1.0
9034303182,591.2131,592.22864,371.5718,200.20032,0.95420897,-0.100265995,-0.2818411,0.0,-0.14346597,0.6733539,-0.7252689,0.0,0.262498,0.7324916,0.6281344,0.0,-0.305889,-0.20835489,-0.56523967,1.0
9034636378,591.2131,592.22864,371.5718,200.20032,0.954129,-0.10158515,-0.28164005,0.0,-0.1423713,0.6735805,-0.7252736,0.0,0.26338372,0.73210126,0.62821937,0.0,-0.3067994,-0.20810258,-0.5658494,1.0
9034969575,591.2131,592.22864,371.5718,200.20032,0.9540975,-0.10220091,-0.28152317,0.0,-0.14149603,0.6746473,-0.7244528,0.0,0.26396817,0.73103225,0.62921757,0.0,-0.30762935,-0.20766747,-0.5663598,1.0
9035302771,591.2131,592.22864,371.5718,200.20032,0.953967,-0.10241531,-0.2818879,0.0,-0.14130963,0.6755407,-0.7236568,0.0,0.2645396,0.7301773,0.6299704,0.0,-0.30835748,-0.2071473,-0.5666704,1.0
9035635968,591.2131,592.22864,371.5718,200.20032,0.95383656,-0.1025168,-0.28228986,0.0,-0.14088085,0.6773767,-0.7220219,0.0,0.2652357,0.7284596,0.6316636,0.0,-0.30888605,-0.20647758,-0.5668356,1.0
9035969165,591.2131,592.22864,371.5718,200.20032,0.9536513,-0.102555126,-0.28290212,0.0,-0.14059031,0.6793706,-0.72020245,0.0,0.2660553,0.7265947,0.6334639,0.0,-0.30922544,-0.20574856,-0.566798,1.0
9036302361,591.2131,592.22864,371.5718,200.20032,0.9532155,-0.10277635,-0.28428733,0.0,-0.14096813,0.6807912,-0.71878624,0.0,0.26741418,0.72523296,0.63445216,0.0,-0.30934787,-0.20508933,-0.56641877,1.0
9036635558,591.2131,592.22864,371.5718,200.20032,0.95274544,-0.1030505,-0.28576052,0.0,-0.1413871,0.68216944,-0.7173961,0.0,0.26886463,0.7238982,0.6353632,0.0,-0.30912912,-0.20446515,-0.565747,1.0
9036968755,591.2131,592.22864,371.5718,200.20032,0.95213234,-0.10354312,-0.2876193,0.0,-0.14200576,0.6833877,-0.7161137,0.0,0.27070343,0.7226775,0.635971,0.0,-0.30859149,-0.2038266,-0.56472063,1.0
9037301951,591.2131,592.22864,371.5718,200.20032,0.95160836,-0.10346949,-0.28937414,0.0,-0.14306915,0.68419826,-0.71512634,0.0,0.2719827,0.72192013,0.6362851,0.0,-0.30754387,-0.20316881,-0.56336385,1.0
9037635147,591.2131,592.22864,371.5718,200.20032,0.9508966,-0.10309152,-0.2918386,0.0,-0.14518593,0.68416065,-0.71473616,0.0,0.2733472,0.7220104,0.63559806,0.0,-0.306005,-0.20239341,-0.561512,1.0
9037968344,591.2131,592.22864,371.5718,200.20032,0.94999325,-0.10306041,-0.29477692,0.0,-0.14680094,0.68576944,-0.71286196,0.0,0.2756163,0.72048676,0.6363464,0.0,-0.30404723,-0.20121658,-0.5593844,1.0
9038301541,591.2131,592.22864,371.5718,200.20032,0.94906646,-0.103363454,-0.2976426,0.0,-0.14813238,0.6873714,-0.7110416,0.0,0.2780862,0.7189153,0.6370491,0.0,-0.30172646,-0.19992977,-0.5568563,1.0
9038634737,591.2131,592.22864,371.5718,200.20032,0.9476743,-0.10407469,-0.30180067,0.0,-0.15023926,0.68874264,-0.70927006,0.0,0.28167945,0.71749854,0.6370671,0.0,-0.29928768,-0.1986304,-0.553756,1.0
9038967933,591.2131,592.22864,371.5718,200.20032,0.9457333,-0.10446596,-0.30769727,0.0,-0.1537911,0.690254,-0.70703614,0.0,0.28624997,0.71598816,0.63672984,0.0,-0.29680812,-0.19730973,-0.55009025,1.0
9039301130,591.2131,592.22864,371.5718,200.20032,0.94341874,-0.104393035,-0.31474584,0.0,-0.15838109,0.6920471,-0.7042642,0.0,0.29133892,0.7142652,0.63635606,0.0,-0.29413414,-0.19586265,-0.54585886,1.0
9039634327,591.2131,592.22864,371.5718,200.20032,0.9409162,-0.103355,-0.3224835,0.0,-0.16373491,0.6947283,-0.70038927,0.0,0.2964269,0.71180904,0.63675797,0.0,-0.29108,-0.19412702,-0.54113835,1.0
9039967523,591.2131,592.22864,371.5718,200.20032,0.93835294,-0.10179864,-0.33035243,0.0,-0.16921589,0.69806075,-0.6957584,0.0,0.30143273,0.70876694,0.63780075,0.0,-0.28756154,-0.19210482,-0.5360029,1.0
9040300720,591.2131,592.22864,371.5718,200.20032,0.93621916,-0.09995879,-0.33690223,0.0,-0.1740422,0.7009756,-0.6916247,0.0,0.3052939,0.7061471,0.63886905,0.0,-0.28325725,-0.18999225,-0.5304328,1.0
9040633916,591.2131,592.22864,371.5718,200.20032,0.93446726,-0.09884795,-0.34205496,0.0,-0.17727053,0.7039923,-0.68772984,0.0,0.3087842,0.7032964,0.6403344,0.0,-0.27822876,-0.18772817,-0.5245427,1.0
9040967113,591.2131,592.22864,371.5718,200.20032,0.9332723,-0.09829796,-0.34545982,0.0,-0.17827246,0.70821047,-0.6831244,0.0,0.3118075,0.69912666,0.643429,0.0,-0.27250612,-0.18522298,-0.5185077,1.0
9041300309,591.2131,592.22864,371.5718,200.20032,0.9321971,-0.097413145,-0.34859896,0.0,-0.17961296,0.7116623,-0.6791747,0.0,0.31424487,0.695737,0.6459125,0.0,-0.26623058,-0.18269914,-0.5120697,1.0
9041633506,591.2131,592.22864,371.5718,200.20032,0.9308597,-0.09621378,-0.35248446,0.0,-0.18110037,0.7163779,-0.67380035,0.0,0.31734055,0.69104815,0.64942276,0.0,-0.25962734,-0.17983168,-0.50540155,1.0
9041966703,591.2131,592.22864,371.5718,200.20032,0.93014586,-0.09377797,-0.35501605,0.0,-0.18154898,0.72294635,-0.6666266,0.0,0.3191716,0.6845119,0.6554194,0.0,-0.25243723,-0.17662787,-0.49875185,1.0
9042299899,591.2131,592.22864,371.5718,200.20032,0.93058723,-0.09091517,-0.3546031,0.0,-0.18048862,0.7288015,-0.6605108,0.0,0.31848508,0.6786642,0.6618038,0.0,-0.2442708,-0.17339629,-0.49192938,1.0
9042633096,591.2131,592.22864,371.5718,200.20032,0.93424916,-0.08588392,-0.346128,0.0,-0.17515501,0.7349377,-0.65512604,0.0,0.31064665,0.6726762,0.671571,0.0,-0.23417115,-0.16990525,-0.48540723,1.0
9042966292,591.2131,592.22864,371.5718,200.20032,0.9425372,-0.0769463,-0.32512203,0.0,-0.1636602,0.7420405,-0.65007174,0.0,0.291274,0.66592586,0.68680745,0.0,-0.22151291,-0.1662113,-0.4795242,1.0
9043299489,591.2131,592.22864,371.5718,200.20032,0.9539955,-0.06555134,-0.29257065,0.0,-0.14631487,0.7499431,-0.64511997,0.0,0.26169926,0.6582484,0.70585054,0.0,-0.20639956,-0.16234565,-0.47416452,1.0
9043632686,591.2131,592.22864,371.5718,200.20032,0.9661421,-0.052351862,-0.25264707,0.0,-0.12600848,0.7587442,-0.6390862,0.0,0.2251516,0.6492835,0.7264576,0.0,-0.18954659,-0.15822136,-0.46898443,1.0
9043965882,591.2131,592.22864,371.5718,200.20032,0.9763452,-0.041829064,-0.21213657,0.0,-0.104423806,0.76788974,-0.6320144,0.0,0.18933398,0.63921624,0.7453576,0.0,-0.17222893,-0.15401489,-0.46354792,1.0
9044299079,591.2131,592.22864,371.5718,200.20032,0.98431015,-0.033946797,-0.17315575,0.0,-0.083058596,0.77666825,-0.6244117,0.0,0.1556812,0.62899643,0.76166224,0.0,-0.15493536,-0.14994615,-0.4578635,1.0
9044632275,591.2131,592.22864,371.5718,200.20032,0.99017835,-0.029600814,-0.1366475,0.0,-0.061550982,0.7852522,-0.6161112,0.0,0.12553972,0.6184702,0.7757169,0.0,-0.13806629,-0.14618379,-0.45207232,1.0
9044965471,591.2131,592.22864,371.5718,200.20032,0.99466455,-0.024943918,-0.10011205,0.0,-0.041238803,0.7933331,-0.6073916,0.0,0.09457263,0.608279,0.78807074,0.0,-0.121231794,-0.14270389,-0.44618195,1.0
9045298669,591.2131,592.22864,371.5718,200.20032,0.9977576,-0.019420713,-0.06409529,0.0,-0.022828866,0.80110663,-0.598089,0.0,0.06296253,0.59820974,0.7988645,0.0,-0.1045382,-0.13945764,-0.44018334,1.0
9045631865,591.2131,592.22864,371.5718,200.20032,0.9995593,-0.014040887,-0.026252419,0.0,-0.004048355,0.8095311,-0.587067,0.0,0.029494822,0.5869132,0.8091147,0.0,-0.0877887,-0.13604254,-0.4341563,1.0
9045965061,591.2131,592.22864,371.5718,200.20032,0.99987435,-0.009561121,0.012871146,0.0,0.015216479,0.81875795,-0.5739409,0.0,-0.0050513744,0.5740632,0.8187976,0.0,-0.071063995,-0.13254339,-0.42804876,1.0
9046298258,591.2131,592.22864,371.5718,200.20032,0.9985422,-0.005673021,0.053737015,0.0,0.034882843,0.8271597,-0.5608873,0.0,-0.041267276,0.5619427,0.8261484,0.0,-0.05432105,-0.12903678,-0.4217618,1.0
9046631454,591.2131,592.22864,371.5718,200.20032,0.99565953,-0.0029328465,0.09305477,0.0,0.053491812,0.8360778,-0.54600155,0.0,-0.07619929,0.5486083,0.83260334,0.0,-0.03810942,-0.12537038,-0.41555777,1.0
9046964651,591.2131,592.22864,371.5718,200.20032,0.9911386,-0.0010448396,0.13285252,0.0,0.07209263,0.84417367,-0.531205,0.0,-0.11159536,0.5360743,0.83676606,0.0,-0.022203326,-0.12179011,-0.4092028,1.0
9047297848,591.2131,592.22864,371.5718,200.20032,0.9846753,0.00094008446,0.17441541,0.0,0.09040259,0.8524311,-0.51496965,0.0,-0.14916074,0.5228446,0.8392806,0.0,-0.006440103,-0.11816841,-0.4028207,1.0
9047631044,591.2131,592.22864,371.5718,200.20032,0.9762712,0.003102988,0.21654396,0.0,0.107955106,0.8598377,-0.4990291,0.0,-0.18774062,0.51056373,0.83909726,0.0,0.009012282,-0.11480296,-0.3964675,1.0
9047964241,591.2131,592.22864,371.5718,200.20032,0.9654969,0.0062858164,0.26035208,0.0,0.12482323,0.86622787,-0.48381153,0.0,-0.2285648,0.49961555,0.83555317,0.0,0.02428025,-0.1116178,-0.39014217,1.0
9048297437,591.2131,592.22864,371.5718,200.20032,0.9524123,0.009622484,0.30467182,0.0,0.1406504,0.8728715,-0.46724516,0.0,-0.27043432,0.48786145,0.8299776,0.0,0.039400995,-0.10833752,-0.38404265,1.0
9048630634,591.2131,592.22864,371.5718,200.20032,0.9373534,0.011783272,0.34819,0.0,0.15667151,0.87841266,-0.4514976,0.0,-0.31117386,0.4777633,0.8215344,0.0,0.054284155,-0.105241954,-0.37815416,1.0
9048963830,591.2131,592.22864,371.5718,200.20032,0.91937006,0.0136334,0.39316607,0.0,0.17343505,0.8829934,-0.43617457,0.0,-0.3531083,0.46919376,0.80943084,0.0,0.06936449,-0.10233384,-0.372361,1.0
9049297027,591.2131,592.22864,371.5718,200.20032,0.89810896,0.01440841,0.43954486,0.0,0.19114773,0.8873323,-0.41965324,0.0,-0.39606786,0.46091133,0.7941646,0.0,0.084698796,-0.099475324,-0.36662784,1.0
9049630224,591.2131,592.22864,371.5718,200.20032,0.8727894,0.014992714,0.48787352,0.0,0.20936827,0.89140874,-0.4019462,0.0,-0.44091955,0.45295888,0.77487135,0.0,0.10039568,-0.096705854,-0.36087632,1.0
9049963420,591.2131,592.22864,371.5718,200.20032,0.8432517,0.015871376,0.53729147,0.0,0.22753029,0.8950613,-0.38353714,0.0,-0.48699442,0.44566756,0.75114805,0.0,0.11645281,-0.09420532,-0.35513324,1.0
9050296616,591.2131,592.22864,371.5718,200.20032,0.81068057,0.017164052,0.58523846,0.0,0.24541977,0.8975569,-0.36628217,0.0,-0.5315721,0.4405672,0.72341883,0.0,0.13258106,-0.0922634,-0.34951818,1.0
9050629813,591.2131,592.22864,371.5718,200.20032,0.77774215,0.016692698,0.62836295,0.0,0.26295158,0.8993386,-0.34935313,0.0,-0.5709429,0.4369359,0.69506395,0.0,0.14825594,-0.09082532,-0.34448537,1.0
9050963009,591.2131,592.22864,371.5718,200.20032,0.7457826,0.0145487785,0.6660314,0.0,0.27972972,0.90051854,-0.3328948,0.0,-0.60461754,0.4345761,0.6675212,0.0,0.16342354,-0.089876056,-0.34022385,1.0
9051296206,591.2131,592.22864,371.5718,200.20032,0.7158601,0.012221694,0.69813704,0.0,0.29543144,0.90064037,-0.31869733,0.0,-0.63266593,0.43439507,0.6411221,0.0,0.17802918,-0.08955455,-0.33676878,1.0
9051629403,591.2131,592.22864,371.5718,200.20032,0.68955076,0.008851439,0.72418404,0.0,0.3097938,0.9002252,-0.30598083,0.0,-0.6546371,0.43533713,0.61800826,0.0,0.1919148,-0.08965254,-0.33433515,1.0
9051962599,591.2131,592.22864,371.5718,200.20032,0.6656294,0.0061548054,0.74625933,0.0,0.32028595,0.9008367,-0.2931112,0.0,-0.67406225,0.43411875,0.5976513,0.0,0.2053976,-0.08961022,-0.33285737,1.0
9052295795,591.2131,592.22864,371.5718,200.20032,0.6435635,0.005976051,0.76537055,0.0,0.3270319,0.90194976,-0.28202975,0.0,-0.6920121,0.43180397,0.5785074,0.0,0.2186532,-0.08956677,-0.33210698,1.0
9052628992,591.2131,592.22864,371.5718,200.20032,0.6218364,0.0073385835,0.783115,0.0,0.33102584,0.9037754,-0.27132392,0.0,-0.70975155,0.42794922,0.55957013,0.0,0.23211783,-0.089309454,-0.3318438,1.0
9052962189,591.2131,592.22864,371.5718,200.20032,0.5997267,0.009955883,0.8001449,0.0,0.3328374,0.90622014,-0.260746,0.0,-0.7277032,0.42269364,0.5401701,0.0,0.24593425,-0.089069724,-0.33197337,1.0
9053295386,591.2131,592.22864,371.5718,200.20032,0.5773356,0.012265921,0.8164164,0.0,0.33324334,0.9092816,-0.24931803,0.0,-0.74541,0.4160056,0.5208732,0.0,0.2601282,-0.088573694,-0.33258122,1.0
9053628582,591.2131,592.22864,371.5718,200.20032,0.5529454,0.015329331,0.8330785,0.0,0.329683,0.91421247,-0.23564652,0.0,-0.7652221,0.40495148,0.50045544,0.0,0.275037,-0.08736217,-0.33338222,1.0
9053961778,591.2131,592.22864,371.5718,200.20032,0.5283082,0.018025398,0.8488633,0.0,0.3264712,0.91860145,-0.22269365,0.0,-0.78378,0.39478016,0.4794197,0.0,0.29025358,-0.08607602,-0.33457977,1.0
9054294975,591.2131,592.22864,371.5718,200.20032,0.5013192,0.020752281,0.86501575,0.0,0.32177314,0.9235452,-0.20864111,0.0,-0.8032094,0.3829347,0.45631307,0.0,0.30589724,-0.084392965,-0.33594835,1.0
9054628171,591.2131,592.22864,371.5718,200.20032,0.47161362,0.025083244,0.88145113,0.0,0.31303957,0.9297287,-0.19394755,0.0,-0.8243732,0.36739728,0.43062007,0.0,0.32209557,-0.082233846,-0.3375093,1.0
9054961368,591.2131,592.22864,371.5718,200.20032,0.44059852,0.02942121,0.89722455,0.0,0.30362236,0.93567955,-0.1797823,0.0,-0.8448021,0.35162935,0.40332565,0.0,0.33874953,-0.07980448,-0.3395347,1.0
9055294565,591.2131,592.22864,371.5718,200.20032,0.4103372,0.032061785,0.911372,0.0,0.29345137,0.94158566,-0.16524959,0.0,-0.863431,0.33525178,0.37695903,0.0,0.35559684,-0.077359736,-0.34238866,1.0
9055627761,590.77783,591.781,371.56073,200.18356,0.38357386,0.034385383,0.92287195,0.0,0.28273636,0.94695145,-0.15279746,0.0,-0.8791673,0.31953895,0.35350385,0.0,0.37247676,-0.07456303,-0.34613976,1.0
9055960957,590.3425,591.3333,371.54962,200.16672,0.3607714,0.03607917,0.93195844,0.0,0.27279472,0.95147187,-0.14243734,0.0,-0.8918693,0.3056209,0.3334218,0.0,0.3896833,-0.070958555,-0.35066152,1.0
9056294154,590.0522,591.0349,371.5421,200.15549,0.34171483,0.034755647,0.9391626,0.0,0.26463,0.95532537,-0.13164061,0.0,-0.9017791,0.29351476,0.31725183,0.0,0.4066261,-0.06729376,-0.35563216,1.0
9056627351,590.0522,591.0349,371.5421,200.15549,0.3271236,0.033732295,0.94438136,0.0,0.25228384,0.9599749,-0.12167859,0.0,-0.9106846,0.27805656,0.3055206,0.0,0.42320585,-0.063622475,-0.360894,1.0
9056960547,590.0522,591.0349,371.5421,200.15549,0.3162862,0.0332717,0.94807994,0.0,0.24277078,0.9632683,-0.11479524,0.0,-0.9170752,0.26647496,0.2965908,0.0,0.43892497,-0.060819805,-0.36592412,1.0
9057293744,590.0522,591.0349,371.5421,200.15549,0.30514035,0.033798665,0.9517075,0.0,0.23294617,0.96636176,-0.10900763,0.0,-0.923378,0.25495997,0.28700203,0.0,0.45405585,-0.058122814,-0.3699556,1.0
9057626940,590.0522,591.0349,371.5421,200.15549,0.2950765,0.035180748,0.95482606,0.0,0.22306173,0.9691725,-0.10464394,0.0,-0.9290724,0.24386342,0.27813184,0.0,0.46850204,-0.055449843,-0.37294734,1.0
9057960137,590.0522,591.0349,371.5421,200.15549,0.28412038,0.03364855,0.9581982,0.0,0.21432737,0.9718666,-0.09768024,0.0,-0.9345272,0.2331216,0.2689146,0.0,0.4822948,-0.052698433,-0.37457716,1.0
9058293333,590.0522,591.0349,371.5421,200.15549,0.27094886,0.02997458,0.9621289,0.0,0.20804495,0.97406983,-0.08893561,0.0,-0.9398451,0.22426312,0.25768715,0.0,0.49539858,-0.050068676,-0.3748876,1.0
9058626530,590.0522,591.0349,371.5421,200.15549,0.2574048,0.026591778,0.96594024,0.0,0.20310318,0.97580504,-0.080987215,0.0,-0.944721,0.2170316,0.24577627,0.0,0.50772417,-0.047391117,-0.37433898,1.0
9058959727,590.0522,591.0349,371.5421,200.15549,0.24267296,0.025818944,0.9697665,0.0,0.19535443,0.977869,-0.074920446,0.0,-0.950238,0.207629,0.23225933,0.0,0.51941925,-0.044347465,-0.3727075,1.0
9059292923,590.0522,591.0349,371.5421,200.15549,0.22768474,0.027071029,0.973361,0.0,0.18821451,0.9795413,-0.07127005,0.0,-0.95537484,0.19942723,0.217932,0.0,0.53032947,-0.04181844,-0.36995134,1.0
9059626119,590.0522,591.0349,371.5421,200.15549,0.21148029,0.027772814,0.9769902,0.0,0.18089092,0.9812176,-0.067049384,0.0,-0.96050006,0.19090779,0.20248465,0.0,0.54044235,-0.039737344,-0.36600462,1.0
9059959316,590.0522,591.0349,371.5421,200.15549,0.19353625,0.029938996,0.9806386,0.0,0.17187293,0.983045,-0.06393343,0.0,-0.96592426,0.18091859,0.18511,0.0,0.54994065,-0.037678003,-0.3608769,1.0
9060292513,590.0522,591.0349,371.5421,200.15549,0.17714804,0.033015877,0.9836328,0.0,0.16364263,0.9845396,-0.06251824,0.0,-0.97048736,0.17203897,0.16900694,0.0,0.5587605,-0.035984993,-0.35499883,1.0
9060625709,590.0522,591.0349,371.5421,200.15549,0.15993455,0.035362065,0.9864962,0.0,0.15475166,0.98610544,-0.06043774,0.0,-0.97492445,0.1623293,0.15224032,0.0,0.5666114,-0.034328163,-0.34829274,1.0
9060958906,590.0522,591.0349,371.5421,200.15549,0.14564416,0.04116866,0.9884822,0.0,0.14252983,0.9878404,-0.062143236,0.0,-0.9790183,0.14994031,0.13800563,0.0,0.5734843,-0.03255576,-0.34163114,1.0
9061292102,590.0522,591.0349,371.5421,200.15549,0.1368733,0.04835826,0.9894093,0.0,0.13322163,0.98883766,-0.06676063,0.0,-0.9815918,0.14094985,0.12890375,0.0,0.5792452,-0.031042397,-0.33485746,1.0
9061625298,590.0522,591.0349,371.5421,200.15549,0.13091925,0.053948075,0.98992634,0.0,0.12694567,0.9893884,-0.07070783,0.0,-0.98323417,0.13492511,0.12268208,0.0,0.5839369,-0.030111015,-0.32785326,1.0
9061958496,590.0522,591.0349,371.5421,200.15549,0.12722677,0.058078825,0.99017394,0.0,0.12182748,0.9898128,-0.07371202,0.0,-0.9843661,0.13000976,0.11885588,0.0,0.58768237,-0.029049933,-0.32069236,1.0
9062291692,590.0522,591.0349,371.5421,200.15549,0.12543386,0.06118515,0.9902158,0.0,0.11595699,0.9903537,-0.07588294,0.0,-0.9853045,0.12434207,0.117129564,0.0,0.5907817,-0.027350187,-0.31337124,1.0
9062624888,590.0522,591.0349,371.5421,200.15549,0.12361503,0.062258154,0.99037844,0.0,0.11149831,0.9908402,-0.07620534,0.0,-0.9860498,0.11984712,0.115541965,0.0,0.59319603,-0.025772959,-0.30595714,1.0
9062958085,590.0522,591.0349,371.5421,200.15549,0.11761543,0.06350857,0.99102986,0.0,0.102352366,0.99186516,-0.07571098,0.0,-0.9877744,0.11034076,0.11015916,0.0,0.5947651,-0.023250312,-0.29773873,1.0
9063291281,590.0522,591.0349,371.5421,200.15549,0.10552254,0.06546542,0.99226284,0.0,0.08613005,0.99348116,-0.07470679,0.0,-0.9906833,0.09334858,0.09919718,0.0,0.5957433,-0.019718736,-0.28858674,1.0
9063624478,590.0522,591.0349,371.5421,200.15549,0.08612719,0.066912144,0.99403787,0.0,0.06870341,0.99496984,-0.072929025,0.0,-0.9939159,0.07457706,0.08109778,0.0,0.5965023,-0.016064256,-0.2783315,1.0
9063957675,590.0522,591.0349,371.5421,200.15549,0.05922398,0.06779161,0.99594355,0.0,0.052688852,0.99609053,-0.070936024,0.0,-0.99685687,0.056678176,0.05542153,0.0,0.59748745,-0.012791067,-0.26712543,1.0
9064290871,590.0522,591.0349,371.5421,200.15549,0.027824193,0.06633103,0.9974136,0.0,0.04120256,0.99687415,-0.06744605,0.0,-0.99876696,0.04297477,0.0250054,0.0,0.5988286,-0.010119021,-0.25529087,1.0
9064624067,590.0522,591.0349,371.5421,200.15549,-0.0074996054,0.06367117,0.9979466,0.0,0.033216402,0.99743825,-0.063390195,0.0,-0.9994238,0.03267485,-0.009594202,0.0,0.60038936,-0.008104026,-0.24313849,1.0
9064957264,590.0522,591.0349,371.5421,200.15549,-0.043062627,0.060830534,0.9972223,0.0,0.029118478,0.9977995,-0.059609413,0.0,-0.99865127,0.026472807,-0.044737816,0.0,0.6019907,-0.006721109,-0.23093092,1.0
9065290460,590.0522,591.0349,371.5421,200.15549,-0.07822925,0.058061182,0.99524677,0.0,0.022985399,0.9981447,-0.056424707,0.0,-0.996674,0.018464655,-0.07941744,0.0,0.6031995,-0.0051989257,-0.21901534,1.0
9065623657,590.0522,591.0349,371.5421,200.15549,-0.11090869,0.0567559,0.9922122,0.0,0.01323849,0.9983661,-0.055629045,0.0,-0.9937459,0.0069681406,-0.111477435,0.0,0.6039492,-0.0033469796,-0.20766276,1.0
9065956854,590.0522,591.0349,371.5421,200.15549,-0.139721,0.05667165,0.9885718,0.0,0.005181521,0.9983916,-0.056503236,0.0,-0.99018097,-0.0027697086,-0.13978827,0.0,0.6045315,-0.001767993,-0.19701995,1.0
9066290051,590.0522,591.0349,371.5421,200.15549,-0.16350162,0.057658046,0.9848609,0.0,-0.0015465021,0.9982768,-0.058701128,0.0,-0.9865458,-0.011118293,-0.16312927,0.0,0.60509634,-0.0004440546,-0.1871867,1.0
9066623247,590.0522,591.0349,371.5421,200.15549,-0.18301076,0.059149712,0.98133385,0.0,-0.0069397986,0.99808836,-0.061454743,0.0,-0.9830897,-0.018054396,-0.18224862,0.0,0.6057175,0.00054469705,-0.17794861,1.0
9066956443,590.0522,591.0349,371.5421,200.15549,-0.20100003,0.060972527,0.97769606,0.0,-0.010553598,0.9978708,-0.06440127,0.0,-0.979538,-0.023260385,-0.19992658,0.0,0.60650325,0.0011987686,-0.168945,1.0
9067289640,590.0522,591.0349,371.5421,200.15549,-0.218442,0.0626706,0.97383946,0.0,-0.012935042,0.9976643,-0.06710574,0.0,-0.97576785,-0.027252644,-0.2171194,0.0,0.6073381,0.0016575456,-0.15998691,1.0
9067622836,590.0522,591.0349,371.5421,200.15549,-0.23617506,0.06411861,0.96959686,0.0,-0.013515741,0.99750984,-0.06925741,0.0,-0.9716202,-0.029459178,-0.23471859,0.0,0.6081157,0.0018075705,-0.1509001,1.0
9067956033,590.0522,591.0349,371.5421,200.15549,-0.25572538,0.065739304,0.96451545,0.0,-0.013418376,0.99735034,-0.07153568,0.0,-0.9666602,-0.031232923,-0.25416356,0.0,0.6087444,0.0017819405,-0.1416108,1.0
9068289229,590.0522,591.0349,371.5421,200.15549,-0.27744842,0.06764707,0.95835793,0.0,-0.012214854,0.99719006,-0.07392445,0.0,-0.9606649,-0.032215536,-0.2758427,0.0,0.6084445,0.0008559227,-0.13201037,1.0
9068622426,590.0522,591.0349,371.5421,200.15549,-0.29990217,0.07020588,0.9513849,0.0,-0.010482967,0.9969864,-0.0768756,0.0,-0.9539144,-0.03302759,-0.29826242,0.0,0.60876125,0.0005233288,-0.12238492,1.0
9068955622,590.0522,591.0349,371.5421,200.15549,-0.32299194,0.07246636,0.94362575,0.0,-0.008269131,0.99681103,-0.07938105,0.0,-0.94636816,-0.033441544,-0.32136258,0.0,0.6090156,0.000120192766,-0.11279875,1.0
9069288819,590.0522,591.0349,371.5421,200.15549,-0.3458751,0.07476097,0.93529934,0.0,-0.004415646,0.9966807,-0.08130038,0.0,-0.9382721,-0.032248795,-0.344397,0.0,0.6092356,-0.00047919154,-0.10330373,1.0
9069622016,590.0522,591.0349,371.5421,200.15549,-0.36889574,0.077107295,0.92626953,0.0,0.0025570542,0.9966347,-0.08194637,0.0,-0.92946994,-0.027860254,-0.36785126,0.0,0.6094098,-0.0015673637,-0.09387471,1.0
9069955212,590.0522,591.0349,371.5421,200.15549,-0.3912797,0.078323185,0.9169352,0.0,0.01198411,0.9967219,-0.08002439,0.0,-0.92019653,-0.020322531,-0.39093554,0.0,0.60941595,-0.00322178,-0.08460392,1.0
9070288408,590.0522,591.0349,371.5421,200.15549,-0.4127183,0.0769843,0.90760195,0.0,0.019453853,0.99694026,-0.07571551,0.0,-0.9106534,-0.013591856,-0.41295326,0.0,0.60913444,-0.004720837,-0.07554525,1.0
9070621605,590.0522,591.0349,371.5421,200.15549,-0.433802,0.073223576,0.8980299,0.0,0.025195152,0.9972891,-0.06914598,0.0,-0.90065813,-0.007368654,-0.43447095,0.0,0.6084495,-0.0062122047,-0.06686275,1.0
9070954802,590.0522,591.0349,371.5421,200.15549,-0.4559753,0.06808084,0.88738704,0.0,0.029508725,0.99767923,-0.06137964,0.0,-0.88950527,-0.0018008947,-0.45692536,0.0,0.6075175,-0.007318318,-0.05848454,1.0
9071287998,590.0522,591.0349,371.5421,200.15549,-0.4781302,0.0631313,0.8760192,0.0,0.032973588,0.9980013,-0.05392489,0.0,-0.8776717,0.0031031072,-0.4792559,0.0,0.6066475,-0.007944673,-0.050726756,1.0
9071621195,590.0522,591.0349,371.5421,200.15549,-0.50011885,0.06002476,0.86387676,0.0,0.035341248,0.9981797,-0.048896432,0.0,-0.86523795,0.006077528,-0.50132954,0.0,0.60611993,-0.007941961,-0.043695837,1.0
9071954391,590.0522,591.0349,371.5421,200.15549,-0.5224638,0.05826109,0.85067123,0.0,0.037129432,0.99827266,-0.04556641,0.0,-0.8518548,0.0077777207,-0.5237237,0.0,0.6066241,-0.0073275566,-0.03753127,1.0
9072287588,590.0522,591.0349,371.5421,200.15549,-0.5466664,0.057023674,0.8354092,0.0,0.0394395,0.99832606,-0.042336583,0.0,-0.83642375,0.009803712,-0.5479992,0.0,0.6071734,-0.007169217,-0.031334266,1.0
9072620784,590.0522,591.0349,371.5421,200.15549,-0.57516605,0.057492644,0.8160161,0.0,0.041790128,0.99829113,-0.040879548,0.0,-0.81697106,0.010588497,-0.576585,0.0,0.6080025,-0.00696975,-0.024996191,1.0
9072953981,590.0522,591.0349,371.5421,200.15549,-0.60974073,0.059735574,0.7903497,0.0,0.042705327,0.99818504,-0.042498082,0.0,-0.79145205,0.007838964,-0.6111841,0.0,0.60883945,-0.00667274,-0.01821053,1.0
9073287177,590.0522,591.0349,371.5421,200.15549,-0.64672124,0.06199608,0.76020575,0.0,0.043592498,0.9980676,-0.044309765,0.0,-0.76148283,0.0044829845,-0.648173,0.0,0.609838,-0.0066197813,-0.011162698,1.0
9073620374,590.0522,591.0349,371.5421,200.15549,-0.6842128,0.061947912,0.7266495,0.0,0.04359299,0.99807954,-0.044041365,0.0,-0.7279811,0.0015426278,-0.6855982,0.0,0.61111736,-0.00688532,-0.0041345656,1.0
9073953570,590.0522,591.0349,371.5421,200.15549,-0.718335,0.059527315,0.69314885,0.0,0.043530077,0.99822736,-0.040616095,0.0,-0.6943369,0.0009964406,-0.7196518,0.0,0.6130449,-0.007642269,0.002443552,1.0
9074286767,590.0522,591.0349,371.5421,200.15549,-0.7461354,0.05481494,0.6635368,0.0,0.042965993,0.9984933,-0.03417191,0.0,-0.66440916,0.003012389,-0.7473652,0.0,0.61608833,-0.008918673,0.00815472,1.0
9074619964,590.0522,591.0349,371.5421,200.15549,-0.76864004,0.04753205,0.6379162,0.0,0.041852027,0.998837,-0.023997009,0.0,-0.6383143,0.00825277,-0.7697344,0.0,0.620342,-0.010633022,0.012883484,1.0
9074953160,590.0522,591.0349,371.5421,200.15549,-0.78634614,0.039341062,0.6165366,0.0,0.041830823,0.99907243,-0.010397702,0.0,-0.6163721,0.017613798,-0.7872606,0.0,0.625271,-0.013096243,0.016848087,1.0
9075286356,590.0522,591.0349,371.5421,200.15549,-0.7980977,0.031432737,0.60171103,0.0,0.04301271,0.9990646,0.0048616827,0.0,-0.60099447,0.029760867,-0.7987017,0.0,0.6321939,-0.015403777,0.019405782,1.0
9075619553,590.0522,591.0349,371.5421,200.15549,-0.8053923,0.022597436,0.5923152,0.0,0.043658495,0.998822,0.021258682,0.0,-0.5911361,0.04298067,-0.80542856,0.0,0.64026815,-0.017301977,0.021016955,1.0
9075952750,590.0522,591.0349,371.5421,200.15549,-0.81241095,0.014405828,0.5829112,0.0,0.042511433,0.9985,0.03457293,0.0,-0.58153737,0.052867383,-0.8118025,0.0,0.6487694,-0.017944872,0.022061586,1.0
9076285946,590.0522,591.0349,371.5421,200.15549,-0.8220703,0.010933772,0.5692859,0.0,0.04039499,0.99841845,0.03915775,0.0,-0.5679552,0.055186242,-0.8212087,0.0,0.6570616,-0.01713425,0.022826523,1.0
9076619143,590.0522,591.0349,371.5421,200.15549,-0.8329479,0.010961514,0.5532469,0.0,0.037748396,0.9986026,0.03704852,0.0,-0.5520655,0.051743418,-0.83219504,0.0,0.66530055,-0.015638351,0.02339971,1.0
9076952339,590.0522,591.0349,371.5421,200.15549,-0.84459764,0.011384197,0.5352858,0.0,0.035156965,0.9987976,0.034231782,0.0,-0.5342502,0.047730476,-0.84397924,0.0,0.67346925,-0.014201254,0.024071962,1.0
9077285535,590.0522,591.0349,371.5421,200.15549,-0.8576164,0.013182208,0.5141266,0.0,0.03469208,0.9988798,0.032260418,0.0,-0.51312256,0.04550284,-0.85710967,0.0,0.68140036,-0.013095856,0.025060356,1.0
9077618732,590.0522,591.0349,371.5421,200.15549,-0.87101287,0.015975751,0.4910056,0.0,0.036474645,0.9988178,0.032206982,0.0,-0.48990846,0.04596156,-0.8705626,0.0,0.6890971,-0.012423009,0.026467562,1.0
9077951929,590.0522,591.0349,371.5421,200.15549,-0.88447696,0.017697535,0.46625328,0.0,0.038702697,0.9986217,0.035515487,0.0,-0.4649801,0.04945734,-0.88394004,0.0,0.6965421,-0.012238294,0.028339773,1.0
9078285125,590.0522,591.0349,371.5421,200.15549,-0.8975917,0.017561682,0.4404838,0.0,0.041030437,0.99819934,0.043813676,0.0,-0.43891898,0.05739945,-0.8966927,0.0,0.70376205,-0.012857109,0.030651584,1.0
9078618322,590.0522,591.0349,371.5421,200.15549,-0.9096672,0.016499154,0.41501564,0.0,0.043812394,0.9974499,0.056379676,0.0,-0.41302502,0.069468945,-0.90806735,0.0,0.71090037,-0.014186978,0.032987222,1.0
9078951518,590.0522,591.0349,371.5421,200.15549,-0.92073226,0.014057219,0.38994837,0.0,0.04475254,0.99656284,0.06974518,0.0,-0.38762575,0.081667125,-0.9181935,0.0,0.7178662,-0.01573819,0.0351433,1.0
9079284715,590.0522,591.0349,371.5421,200.15549,-0.930649,0.010932028,0.36575764,0.0,0.044406354,0.9955423,0.08323595,0.0,-0.3632155,0.09370449,-0.9269825,0.0,0.72467804,-0.017378718,0.036992908,1.0
9079617911,590.0522,591.0349,371.5421,200.15549,-0.9391941,0.008350685,0.34329247,0.0,0.04440093,0.99426734,0.097290486,0.0,-0.3405099,0.10661656,-0.9341778,0.0,0.73145944,-0.019210905,0.038312405,1.0
9079951108,590.0522,591.0349,371.5421,200.15549,-0.9468285,0.0062927604,0.32168424,0.0,0.043581426,0.9931042,0.10885087,0.0,-0.3187797,0.11708158,-0.94057107,0.0,0.7380657,-0.020822912,0.039163247,1.0
9080284305,590.0522,591.0349,371.5421,200.15549,-0.95404243,0.0046960562,0.29964188,0.0,0.041956574,0.9921244,0.11804089,0.0,-0.2967263,0.12518704,-0.94672287,0.0,0.744266,-0.022211283,0.03973806,1.0
9080617501,590.0522,591.0349,371.5421,200.15549,-0.96050656,0.00442712,0.2782302,0.0,0.040924072,0.99125063,0.12550843,0.0,-0.27523875,0.13193715,-0.9522807,0.0,0.7502119,-0.023341596,0.03998232,1.0
9080950697,590.0522,591.0349,371.5421,200.15549,-0.96577716,0.006221175,0.25930753,0.0,0.04168111,0.99044466,0.13147968,0.0,-0.25601032,0.13778731,-0.9568051,0.0,0.7561806,-0.02437526,0.039951682,1.0
9081283894,590.0522,591.0349,371.5421,200.15549,-0.96977,0.009615585,0.24384278,0.0,0.044303447,0.98955786,0.13717741,0.0,-0.23997569,0.14383265,-0.96006584,0.0,0.76225734,-0.025478989,0.03971599,1.0
9081617091,590.0522,591.0349,371.5421,200.15549,-0.9723166,0.012921557,0.23332042,0.0,0.047663927,0.98844707,0.14389142,0.0,-0.22876403,0.15102798,-0.96169645,0.0,0.7686433,-0.026782453,0.03935206,1.0
9081950287,590.0522,591.0349,371.5421,200.15549,-0.97256756,0.018479958,0.23189549,0.0,0.054279298,0.9873538,0.14896652,0.0,-0.22620854,0.157466,-0.9612683,0.0,0.77584463,-0.028198987,0.038700372,1.0
9082283484,590.0522,591.0349,371.5421,200.15549,-0.96714664,0.022544324,0.25322855,0.0,0.06270158,0.98644507,0.15165588,0.0,-0.24637571,0.16255012,-0.95544744,0.0,0.785823,-0.02949205,0.03715512,1.0
9082616680,590.0522,591.0349,371.5421,200.15549,-0.95481354,0.02090329,0.29647785,0.0,0.06927827,0.9857013,0.15361771,0.0,-0.28902557,0.16721508,-0.94260585,0.0,0.79832196,-0.030826867,0.034602597,1.0
9082949877,590.0522,591.0349,371.5421,200.15549,-0.9381002,0.018708706,0.34586674,0.0,0.07715681,0.9847402,0.15600911,0.0,-0.33766833,0.17303702,-0.9252249,0.0,0.8113353,-0.032455176,0.031274304,1.0
9083283073,590.0522,591.0349,371.5421,200.15549,-0.9188505,0.016716167,0.3942523,0.0,0.08516711,0.9839567,0.15677232,0.0,-0.38530743,0.17762691,-0.90553284,0.0,0.8252825,-0.032683074,0.028829023,1.0
9083616270,590.0522,591.0349,371.5421,200.15549,-0.89994335,0.013814032,0.43578857,0.0,0.091519654,0.9832179,0.15782952,0.0,-0.42629516,0.18192014,-0.886104,0.0,0.83550316,-0.03446135,0.024357438,1.0
9083949466,590.0522,591.0349,371.5421,200.15549,-0.88302195,0.013137586,0.46914852,0.0,0.09744865,0.98295665,0.15589035,0.0,-0.45910528,0.18337178,-0.8692528,0.0,0.8451882,-0.034976214,0.02082324,1.0
9084282663,590.0522,591.0349,371.5421,200.15549,-0.8674674,0.013746545,0.4973058,0.0,0.10260579,0.98307157,0.15180507,0.0,-0.4868007,0.18271169,-0.85419273,0.0,0.85385704,-0.034971654,0.017522544,1.0
9084615859,590.0522,591.0349,371.5421,200.15549,-0.8539156,0.015956722,0.5201683,0.0,0.10792132,0.98323226,0.1470038,0.0,-0.5091006,0.1816656,-0.84131926,0.0,0.8616997,-0.03483981,0.0145365745,1.0
9084949056,590.0522,591.0349,371.5421,200.15549,-0.839902,0.019170314,0.54240066,0.0,0.113968804,0.9833244,0.14172593,0.0,-0.53063905,0.18085209,-0.8280809,0.0,0.86940366,-0.034663618,0.011503637,1.0
9085282253,590.0522,591.0349,371.5421,200.15549,-0.82565117,0.023091417,0.5637088,0.0,0.12094191,0.98318017,0.13686669,0.0,-0.5510669,0.18117931,-0.8145563,0.0,0.87702256,-0.03459081,0.008414969,1.0
9085615449,590.0522,591.0349,371.5421,200.15549,-0.81208265,0.02780858,0.5828799,0.0,0.12842225,0.98289263,0.13202882,0.0,-0.5692373,0.18207222,-0.80176187,0.0,0.88450176,-0.034651667,0.0054880977,1.0
9085948645,590.0522,591.0349,371.5421,200.15549,-0.79847574,0.03182082,0.6011876,0.0,0.13534917,0.98252773,0.12776092,0.0,-0.58661723,0.18338394,-0.7888305,0.0,0.89188325,-0.03487563,0.0025441647,1.0
9086281842,590.0522,591.0349,371.5421,200.15549,-0.7864309,0.03555637,0.6166565,0.0,0.14131191,0.98222256,0.12358257,0.0,-0.6012992,0.18432966,-0.7774739,0.0,0.89893246,-0.035179973,-0.00014707446,1.0
9086615039,590.0522,591.0349,371.5421,200.15549,-0.77480286,0.039592043,0.6309641,0.0,0.14623588,0.982195,0.11794171,0.0,-0.6150598,0.18365097,-0.7667965,0.0,0.9057563,-0.035389006,-0.0026497245,1.0
9086948235,590.0522,591.0349,371.5421,200.15549,-0.7635105,0.043592725,0.6443247,0.0,0.15053888,0.9822487,0.111929774,0.0,-0.62800705,0.18245491,-0.7565188,0.0,0.91231143,-0.03562516,-0.0050215274,1.0
9087281432,590.0522,591.0349,371.5421,200.15549,-0.75350714,0.04769261,0.65571,0.0,0.15452766,0.982273,0.10613018,0.0,-0.6390238,0.18129456,-0.7475184,0.0,0.918481,-0.035893023,-0.0070123225,1.0
9087614628,590.0522,591.0349,371.5421,200.15549,-0.74453074,0.051188733,0.6656252,0.0,0.15723792,0.982453,0.100323915,0.0,-0.6488093,0.17935523,-0.7395144,0.0,0.92417085,-0.03607279,-0.008488268,1.0
9087947825,590.0522,591.0349,371.5421,200.15549,-0.73704076,0.054466315,0.67365265,0.0,0.16029865,0.9823952,0.0959537,0.0,-0.65656555,0.1787071,-0.732795,0.0,0.9293748,-0.036385745,-0.009329885,1.0
9088281021,590.0522,591.0349,371.5421,200.15549,-0.7310457,0.056768462,0.67996585,0.0,0.16361612,0.9820447,0.093919784,0.0,-0.6624251,0.17991263,-0.7272071,0.0,0.9339362,-0.03677243,-0.009520054,1.0
9088614218,590.0522,591.0349,371.5421,200.15549,-0.72742707,0.056917395,0.68382317,0.0,0.16539831,0.98171616,0.094233304,0.0,-0.66595614,0.181651,-0.7235399,0.0,0.93762577,-0.037125945,-0.008896247,1.0
9088947415,590.0522,591.0349,371.5421,200.15549,-0.7264982,0.055390235,0.68493474,0.0,0.16668738,0.9811838,0.09745532,0.0,-0.6666481,0.18497086,-0.72205985,0.0,0.9404098,-0.037614882,-0.0073337257,1.0
9089280611,590.0522,591.0349,371.5421,200.15549,-0.7282508,0.052906714,0.683268,0.0,0.1674764,0.9805271,0.10257888,0.0,-0.6645348,0.18913421,-0.72292906,0.0,0.94224584,-0.03823909,-0.0051823407,1.0
9089613807,590.0522,591.0349,371.5421,200.15549,-0.73211783,0.05026205,0.6793238,0.0,0.16743776,0.979957,0.10794565,0.0,-0.6602823,0.1927732,-0.7258589,0.0,0.94314146,-0.038797975,-0.002450347,1.0
9089947004,590.0522,591.0349,371.5421,200.15549,-0.73696387,0.04757346,0.6742586,0.0,0.16584218,0.97975755,0.112137586,0.0,-0.65527475,0.1944618,-0.7299345,0.0,0.94327426,-0.039126575,0.00087195635,1.0
9090280201,590.0522,591.0349,371.5421,200.15549,-0.7426479,0.045016292,0.6681702,0.0,0.1638501,0.97962964,0.11611435,0.0,-0.6493315,0.19571126,-0.7348945,0.0,0.94261354,-0.039393574,0.0047685653,1.0
9090613397,590.0522,591.0349,371.5421,200.15549,-0.7490718,0.04334932,0.66107136,0.0,0.16327232,0.9791592,0.12079981,0.0,-0.6420573,0.19842198,-0.7405374,0.0,0.9411938,-0.03976977,0.00934118,1.0
9090946594,590.0522,591.0349,371.5421,200.15549,-0.75552464,0.04211112,0.65376794,0.0,0.16390494,0.9783465,0.12639871,0.0,-0.6342885,0.20265278,-0.7460659,0.0,0.9390571,-0.040317625,0.014515713,1.0
9091279790,590.0522,591.0349,371.5421,200.15549,-0.7617409,0.04006349,0.64664465,0.0,0.16483316,0.977229,0.13362762,0.0,-0.62656605,0.20837769,-0.75099826,0.0,0.9362427,-0.041015416,0.02032204,1.0
9091612987,590.0522,591.0349,371.5421,200.15549,-0.7680521,0.03715241,0.63931143,0.0,0.16652608,0.97555995,0.1433681,0.0,-0.61836004,0.21657568,-0.75546694,0.0,0.93270683,-0.042080224,0.026655108,1.0
9091946183,590.0522,591.0349,371.5421,200.15549,-0.77454334,0.033764247,0.6316223,0.0,0.16952305,0.97312474,0.15586314,0.0,-0.60938436,0.22779703,-0.75945,0.0,0.9284103,-0.043683827,0.033414587,1.0
9092279380,590.0522,591.0349,371.5421,200.15549,-0.7814919,0.02972385,0.62321055,0.0,0.17208411,0.9703901,0.16950792,0.0,-0.59971845,0.23971334,-0.76346576,0.0,0.9232253,-0.04537782,0.04044473,1.0
9092612577,590.0522,591.0349,371.5421,200.15549,-0.78908783,0.02530374,0.6137618,0.0,0.17070815,0.9688294,0.17953089,0.0,-0.59008753,0.24643928,-0.76881003,0.0,0.91742104,-0.04615283,0.04772526,1.0
9092945773,590.0522,591.0349,371.5421,200.15549,-0.79637265,0.02171645,0.60441905,0.0,0.16705327,0.96837777,0.18531394,0.0,-0.5812815,0.24854866,-0.77481586,0.0,0.9111698,-0.04614961,0.05504191,1.0
9093278970,590.0522,591.0349,371.5421,200.15549,-0.802168,0.020106431,0.5967622,0.0,0.16418245,0.9683374,0.18806905,0.0,-0.5740858,0.24884063,-0.7800695,0.0,0.9047858,-0.045795888,0.062180698,1.0
9093612166,590.0522,591.0349,371.5421,200.15549,-0.8061673,0.020578412,0.59133315,0.0,0.1635246,0.9682207,0.18924049,0.0,-0.5686462,0.24925628,-0.78391147,0.0,0.8984681,-0.04508537,0.06917007,1.0
9093945363,590.0522,591.0349,371.5421,200.15549,-0.8085739,0.021762293,0.5879951,0.0,0.16399874,0.968052,0.18969291,0.0,-0.5650811,0.24981084,-0.786309,0.0,0.89235663,-0.04409024,0.07625964,1.0
9094278559,590.0522,591.0349,371.5421,200.15549,-0.8102344,0.020952413,0.58573467,0.0,0.1646145,0.96727157,0.19310808,0.0,-0.5625185,0.25288245,-0.7871646,0.0,0.8862484,-0.04369071,0.08328284,1.0
9094611756,590.0522,591.0349,371.5421,200.15549,-0.81228167,0.018502368,0.5829747,0.0,0.16504864,0.9659383,0.19931272,0.0,-0.55942965,0.2581165,-0.7876667,0.0,0.88003725,-0.044001013,0.090306714,1.0
9094944952,590.0522,591.0349,371.5421,200.15549,-0.81641,0.015087543,0.57727915,0.0,0.16453744,0.96430176,0.20749334,0.0,-0.5535402,0.26438287,-0.7897464,0.0,0.8735177,-0.04458663,0.097421005,1.0
9095278148,590.0522,591.0349,371.5421,200.15549,-0.82462084,0.011515256,0.5655719,0.0,0.16011962,0.9636587,0.21383956,0.0,-0.5425556,0.26689506,-0.7964957,0.0,0.8663073,-0.04465577,0.104907006,1.0
9095611345,590.0522,591.0349,371.5421,200.15549,-0.83942455,0.010706328,0.5433744,0.0,0.15258668,0.9642363,0.21672359,0.0,-0.52162087,0.2648341,-0.8110358,0.0,0.85791487,-0.04407832,0.11306292,1.0
9095944542,590.0522,591.0349,371.5421,200.15549,-0.8574192,0.014185101,0.5144267,0.0,0.14705572,0.9646939,0.21850413,0.0,-0.49316466,0.26299837,-0.8292317,0.0,0.84859014,-0.04349518,0.121494025,1.0
9096277738,590.0522,591.0349,371.5421,200.15549,-0.8751134,0.019413322,0.48353207,0.0,0.14345032,0.96469283,0.22089109,0.0,-0.46217188,0.2626674,-0.84699917,0.0,0.83906686,-0.043100804,0.12956202,1.0
9096610935,590.0522,591.0349,371.5421,200.15549,-0.89315945,0.024044797,0.44910067,0.0,0.13886736,0.9645221,0.22453597,0.0,-0.4277687,0.26291126,-0.86480975,0.0,0.82903254,-0.04290259,0.1374315,1.0
