timestamp,pose 00,pose 01,pose 02,pose 03,pose 10,pose 11,pose 12,pose 13,pose 20,pose 21,pose 22,pose 23,pose 30,pose 31,pose 32,pose 33
9025875107,0.22908628,-0.66711885,0.7088524,0.0,-0.9264974,0.07389969,0.3689732,0.0,-0.29853284,-0.7412767,-0.6011543,0.0,-0.3521967,-0.20200717,-0.5287369,1.0
9027875145,0.22409725,-0.6734972,0.70440173,0.0,-0.92672014,0.07642567,0.36789778,0.0,-0.3016125,-0.7352282,-0.6070167,0.0,-0.35235822,-0.19810742,-0.5313594,1.0
9029875185,0.20564288,-0.68060684,0.7031966,0.0,-0.9328593,0.080843925,0.35105252,0.0,-0.29577798,-0.7281749,-0.6182854,0.0,-0.3510753,-0.19330758,-0.5339304,1.0
9031875223,0.18424857,-0.6733003,0.716044,0.0,-0.9397004,0.09288871,0.3291422,0.0,-0.2881239,-0.73351085,-0.61558604,0.0,-0.34848917,-0.19212848,-0.5372576,1.0
9033875263,0.16984403,-0.669146,0.72346157,0.0,-0.9456802,0.0958339,0.31065238,0.0,-0.27720398,-0.7369257,-0.61652136,0.0,-0.3487717,-0.19251168,-0.54360735,1.0
9035875301,0.16495842,-0.67424834,0.71984565,0.0,-0.9454318,0.099821806,0.3101519,0.0,-0.2809757,-0.7317271,-0.6209893,0.0,-0.3529433,-0.18991327,-0.5461312,1.0
9037875341,0.1708678,-0.6806013,0.71245086,0.0,-0.941624,0.10008824,0.32144484,0.0,-0.29008377,-0.7257854,-0.6237687,0.0,-0.348166,-0.18557894,-0.5386728,1.0
9039875380,0.19215208,-0.69256556,0.69529194,0.0,-0.9294988,0.098843336,0.35533416,0.0,-0.31481725,-0.7145511,-0.62474585,0.0,-0.33128297,-0.17685056,-0.5143827,1.0
9041875418,0.20586634,-0.7166536,0.66635334,0.0,-0.9201107,0.090091825,0.3811561,0.0,-0.3331899,-0.691586,-0.64085376,0.0,-0.29650795,-0.16232485,-0.47594786,1.0
9043875458,0.13455641,-0.76024324,0.6355508,0.0,-0.9673566,0.038217425,0.25052083,0.0,-0.21474592,-0.6485135,-0.730284,0.0,-0.22256291,-0.14292175,-0.44566467,1.0
9045875497,0.013090193,-0.8110153,0.5848786,0.0,-0.99967486,0.002187848,0.02540788,0.0,-0.021885872,-0.585021,-0.81072307,0.0,-0.12474728,-0.12365085,-0.42029223,1.0
9047875535,-0.100124836,-0.8594455,0.5013274,0.0,-0.97479993,-0.016219974,-0.2224919,0.0,0.19935098,-0.51097065,-0.8361634,0.0,-0.030103922,-0.10431665,-0.39407468,1.0
9049875575,-0.20755577,-0.8893609,0.40737903,0.0,-0.8645586,-0.028062105,-0.50174785,0.0,0.4576668,-0.45634374,-0.7630801,0.0,0.064487696,-0.08783537,-0.37334076,1.0
9051875614,-0.3086233,-0.8961048,0.31897876,0.0,-0.6905159,-0.01956129,-0.72305256,0.0,0.65417063,-0.44341093,-0.61273754,0.0,0.16069895,-0.082353175,-0.3623729,1.0
9053875654,-0.3220538,-0.9131113,0.25001818,0.0,-0.55580103,-0.031428337,-0.830721,0.0,0.7663984,-0.40649724,-0.4973867,0.0,0.25043213,-0.08011305,-0.36999518,1.0
9055875693,-0.2751428,-0.9462824,0.16984174,0.0,-0.38815513,-0.052283525,-0.9201098,0.0,0.87956357,-0.3190865,-0.35291886,0.0,0.3561359,-0.067609966,-0.39112544,1.0
9057875734,-0.21843612,-0.967898,0.124334544,0.0,-0.3084929,-0.05238664,-0.94978297,0.0,0.9258065,-0.24582323,-0.28714657,0.0,0.45293564,-0.04993677,-0.4181356,1.0
9059875773,-0.17875755,-0.9798875,0.08869162,0.0,-0.21888736,-0.048278093,-0.974555,0.0,0.95923615,-0.19362262,-0.2058549,0.0,0.5255142,-0.03521079,-0.40808773,1.0
9061875813,-0.12974751,-0.9867985,0.096924454,0.0,-0.14803651,-0.07737684,-0.98595035,0.0,0.98043406,-0.14227295,-0.13604283,0.0,0.567852,-0.028361738,-0.36978272,1.0
9063875853,-0.064044,-0.9934137,0.09501609,0.0,-0.085133106,-0.08942604,-0.99234855,0.0,0.9943093,-0.07164276,-0.07884538,0.0,0.58099234,-0.013929307,-0.3182971,1.0
9065875892,-0.019278884,-0.9967925,0.07767144,0.0,0.11539501,-0.07938504,-0.9901423,0.0,0.9931325,-0.010126054,0.11655545,0.0,0.59794456,-0.0028413832,-0.2501646,1.0
9067875931,-0.0014184713,-0.9959175,0.09025952,0.0,0.23446792,-0.08807492,-0.96812606,0.0,0.972123,0.019789934,0.2336353,0.0,0.6074776,-0.000407964,-0.19475822,1.0
9069875971,-0.027294278,-0.9947875,0.09824756,0.0,0.36937195,-0.10136485,-0.9237366,0.0,0.9288806,0.011077076,0.37021345,0.0,0.6163657,-0.0048849285,-0.13732296,1.0
9071876011,-0.056639552,-0.9965209,0.0611414,0.0,0.5008359,-0.08133638,-0.8617122,0.0,0.86368716,-0.018185109,0.50370014,0.0,0.62089556,-0.00809896,-0.08799395,1.0
9073876050,-0.06644404,-0.99648035,0.05110517,0.0,0.6972426,-0.08300722,-0.71201265,0.0,0.7137488,-0.01167649,0.70030427,0.0,0.63838744,-0.008275241,-0.042956293,1.0
9075876091,-0.066939354,-0.99741477,-0.026132435,0.0,0.79897517,-0.03789699,-0.6001687,0.0,0.5976268,-0.06105411,0.79944646,0.0,0.679177,-0.015943706,-0.017546266,1.0
9077876132,-0.062968016,-0.9975079,-0.031822816,0.0,0.871848,-0.039461374,-0.48818398,0.0,0.4857117,-0.05848472,0.8721603,0.0,0.73220384,-0.010358006,-0.006855637,1.0
9079876171,-0.06862748,-0.9918106,-0.10771404,0.0,0.938044,-0.02739203,-0.3454324,0.0,0.33965302,-0.124746576,0.93224144,0.0,0.77903277,-0.017216623,0.010809153,1.0
9081876211,-0.07676971,-0.98543715,-0.15172255,0.0,0.9672743,-0.036699772,-0.2510644,0.0,0.24184003,-0.16603151,0.9560057,0.0,0.8191645,-0.024594873,0.015224874,1.0
9083876250,-0.1209023,-0.98063207,-0.15408945,0.0,0.8760326,-0.032399774,-0.48116255,0.0,0.46685094,-0.19316097,0.86298263,0.0,0.881062,-0.031093717,-0.012353361,1.0
9085876290,-0.1578033,-0.9798718,-0.12226768,0.0,0.7876676,-0.05022919,-0.61404955,0.0,0.5955484,-0.19320539,0.77973956,0.0,0.9223808,-0.031865895,-0.036348,1.0
9087876329,-0.18262362,-0.979231,-0.088065594,0.0,0.723001,-0.073055625,-0.68697363,0.0,0.66627216,-0.18912904,0.72132635,0.0,0.95642924,-0.034546554,-0.051719926,1.0
9089876370,-0.18927729,-0.97655743,-0.10251644,0.0,0.72017473,-0.06709373,-0.69054085,0.0,0.6674746,-0.20453347,0.7159914,0.0,0.9713075,-0.03683406,-0.04247301,1.0
9091876409,-0.1923052,-0.9704785,-0.14556865,0.0,0.75818175,-0.052753687,-0.64990574,0.0,0.62304026,-0.23534773,0.7459439,0.0,0.95974183,-0.039990664,-0.008886442,1.0
9093876448,-0.18778944,-0.96497226,-0.18320438,0.0,0.79407895,-0.039378524,-0.6065378,0.0,0.5780778,-0.25938004,0.7736589,0.0,0.92627573,-0.040019244,0.0358216,1.0
9095876489,-0.17240214,-0.96153986,-0.21381865,0.0,0.84118235,-0.030769587,-0.5398752,0.0,0.5125324,-0.27293617,0.8141353,0.0,0.88634884,-0.038753003,0.083718956,1.0
9097876528,-0.12424505,-0.96192497,-0.24344148,0.0,0.94665235,-0.041392088,-0.31958747,0.0,0.29734263,-0.27016157,0.9157511,0.0,0.8305577,-0.03979501,0.13914073,1.0
9099876568,-0.06193459,-0.9628894,-0.26269412,0.0,0.9906152,-0.027173162,-0.13395259,0.0,0.12184331,-0.26852506,0.9555357,0.0,0.7811551,-0.040949732,0.17534897,1.0
9101876607,-0.011953235,-0.97092867,-0.23907048,0.0,0.99906147,-0.021551013,0.037572637,0.0,-0.04163254,-0.23839699,0.97027504,0.0,0.75337446,-0.035066634,0.19378737,1.0
9103876648,0.049323678,-0.9681519,-0.2454568,0.0,0.97326183,-0.008610845,0.22953713,0.0,-0.2243404,-0.25021535,0.9418406,0.0,0.7505051,-0.03535965,0.20885494,1.0
9105876687,0.093069196,-0.9680081,-0.23302044,0.0,0.921195,-0.005088806,0.3890683,0.0,-0.37780702,-0.25086755,0.89125043,0.0,0.7884216,-0.036130875,0.21963418,1.0
9107876726,0.11452156,-0.9651609,-0.23526399,0.0,0.8682905,-0.017811418,0.49573597,0.0,-0.4826554,-0.2610499,0.8360004,0.0,0.85510755,-0.039350778,0.23589703,1.0
9109876769,0.1674639,-0.95917094,-0.22791885,0.0,0.7186543,-0.03949547,0.694245,0.0,-0.6749013,-0.28005582,0.68269825,0.0,0.8945675,-0.044586867,0.24728549,1.0
9111876825,0.20165938,-0.95445913,-0.2198664,0.0,0.58890945,-0.06121397,0.80587745,0.0,-0.78263605,-0.29199418,0.5497456,0.0,0.9256936,-0.045337826,0.24694663,1.0
9113876880,0.21631217,-0.95344824,-0.21010831,0.0,0.5378496,-0.06323099,0.8406662,0.0,-0.8148171,-0.294853,0.49913412,0.0,0.9581644,-0.043649077,0.23107001,1.0
9115876934,0.22541606,-0.9489572,-0.22060746,0.0,0.5389682,-0.067168,0.8396437,0.0,-0.81160384,-0.30816948,0.49631715,0.0,0.98994565,-0.046080858,0.20413312,1.0
9117876990,0.2386685,-0.94369173,-0.22909287,0.0,0.54386306,-0.06554949,0.8366101,0.0,-0.8045188,-0.32426772,0.4975943,0.0,1.0175208,-0.0490821,0.15849423,1.0
9119877045,0.23520583,-0.94177383,-0.24029255,0.0,0.572759,-0.065438986,0.8171079,0.0,-0.7852552,-0.32981837,0.5240175,0.0,1.0491667,-0.051971495,0.09681375,1.0
9121877100,0.22452241,-0.93939435,-0.2590901,0.0,0.6424805,-0.057202816,0.7641639,0.0,-0.7326721,-0.3380322,0.5906994,0.0,1.089676,-0.05744721,0.042429715,1.0
9123877155,0.20823348,-0.93786794,-0.27756572,0.0,0.72272784,-0.043668628,0.689752,0.0,-0.6590171,-0.344234,0.6687298,0.0,1.1396993,-0.05207321,0.011715621,1.0
9125877209,0.1635971,-0.9413688,-0.29506058,0.0,0.79985714,-0.048502684,0.5982273,0.0,-0.5774638,-0.33387458,0.7450257,0.0,1.1937649,-0.046850875,0.009090088,1.0
9127877265,0.116858065,-0.9484651,-0.29454756,0.0,0.8644148,-0.04889655,0.50039613,0.0,-0.48901057,-0.31308663,0.8141532,0.0,1.2564874,-0.042742163,0.036159925,1.0
9129877318,0.08682746,-0.9496044,-0.30118543,0.0,0.9218246,-0.038055897,0.3857348,0.0,-0.37775725,-0.31113255,0.87206423,0.0,1.3473346,-0.04240808,0.08751756,1.0
9131877375,0.1326161,-0.95554477,-0.26333797,0.0,0.7504601,-0.07675552,0.65644336,0.0,-0.6474738,-0.28467953,0.70691943,0.0,1.3889303,-0.04239773,0.13404518,1.0
9133877428,0.21855086,-0.95753145,-0.18806675,0.0,0.3896707,-0.091056466,0.91644186,0.0,-0.8946465,-0.27357334,0.35322142,0.0,1.4015149,-0.04648803,0.14269298,1.0
9135877484,0.27328515,-0.94433105,-0.18317801,0.0,0.33338258,-0.08564401,0.9388937,0.0,-0.9023145,-0.31765413,0.2914182,0.0,1.4371659,-0.0553741,0.1796198,1.0
9137877539,0.2742833,-0.9375509,-0.21393257,0.0,0.39301983,-0.09374809,0.91473866,0.0,-0.87766975,-0.33497736,0.34276247,0.0,1.4591663,-0.06358567,0.25067064,1.0
9139877594,0.24216437,-0.9318826,-0.27009493,0.0,0.61131096,-0.06962681,0.7883217,0.0,-0.7534291,-0.35601538,0.5528089,0.0,1.4835292,-0.070437886,0.36530906,1.0
9141877649,0.1608749,-0.926245,-0.34086597,0.0,0.82035565,-0.06653428,0.5679701,0.0,-0.5487586,-0.37100348,0.74914646,0.0,1.517869,-0.059274167,0.496516,1.0
9143877703,-0.028668761,-0.9370906,-0.34790656,0.0,0.9960863,-0.055892944,0.068467185,0.0,-0.08360559,-0.34458214,0.9350258,0.0,1.6097382,-0.047288075,0.6040945,1.0
9145877759,-0.17012739,-0.9448578,-0.2798217,0.0,0.9355959,-0.06572437,-0.3469009,0.0,0.30938095,-0.3208175,0.8951869,0.0,1.7131888,-0.04947844,0.6729866,1.0
9147877813,-0.216694,-0.9408318,-0.26053554,0.0,0.855435,-0.054398775,-0.5150449,0.0,0.47039783,-0.33447856,0.8166088,0.0,1.8127897,-0.07033856,0.7428825,1.0
9149877869,-0.2457124,-0.9403728,-0.23521219,0.0,0.8228786,-0.07409954,-0.5633652,0.0,0.5123442,-0.33197677,0.7920195,0.0,1.9432929,-0.065705314,0.83470726,1.0
9151877922,-0.24389613,-0.9360512,-0.25362003,0.0,0.8134286,-0.055052996,-0.57905376,0.0,0.52806133,-0.34753063,0.77483785,0.0,2.0573115,-0.059733152,0.9534235,1.0
9153877979,-0.24770713,-0.9205854,-0.30193228,0.0,0.8191471,-0.032593608,-0.5726563,0.0,0.51733804,-0.38917822,0.762169,0.0,2.1341102,-0.06834468,1.0810294,1.0
9155878033,-0.23918152,-0.9208911,-0.3078177,0.0,0.79721636,-0.0052763224,-0.60367066,0.0,0.55429083,-0.38978416,0.7354114,0.0,2.1917038,-0.083610356,1.2194787,1.0
9157878088,-0.25978327,-0.92424154,-0.27980387,0.0,0.7258506,0.0042156577,-0.6878394,0.0,0.6369093,-0.38178504,0.6697662,0.0,2.2488189,-0.06918496,1.3629075,1.0
9159878143,-0.31107008,-0.90814096,-0.28020647,0.0,0.66981536,-0.00032866,-0.7425277,0.0,0.6742277,-0.4186647,0.60838884,0.0,2.3176796,-0.06310171,1.4846439,1.0
9161878197,-0.32399988,-0.8951277,-0.3062204,0.0,0.6889064,-0.0013874769,-0.7248492,0.0,0.64840764,-0.44580805,0.61710846,0.0,2.395478,-0.08209294,1.614744,1.0
9163878252,-0.30357957,-0.88928795,-0.3420623,0.0,0.7635007,-0.012275934,-0.64569044,0.0,0.5700056,-0.4571831,0.6826985,0.0,2.4884732,-0.09614575,1.7438499,1.0
9165878307,-0.2521212,-0.89866877,-0.35892794,0.0,0.84760404,-0.026118875,-0.5299859,0.0,0.466907,-0.43784952,0.7683005,0.0,2.5770288,-0.079270065,1.8793592,1.0
9167878363,-0.260728,-0.8767943,-0.4040456,0.0,0.87832004,-0.041715622,-0.47624972,0.0,0.400718,-0.479053,0.7809823,0.0,2.638551,-0.08624411,2.010859,1.0
9169878409,-0.28750324,-0.86609,-0.40893754,0.0,0.84587795,-0.029333115,-0.5325692,0.0,0.44925746,-0.49902672,0.7410399,0.0,2.6706376,-0.102485836,2.1355174,1.0
9171878432,-0.30331624,-0.87543726,-0.37630948,0.0,0.796623,-0.016267061,-0.6042575,0.0,0.5228681,-0.48305792,0.7023275,0.0,2.6776652,-0.08870208,2.2727807,1.0
9173878455,-0.34282124,-0.87764174,-0.3349909,0.0,0.7242891,-0.019851327,-0.6892108,0.0,0.5982301,-0.47890618,0.64247155,0.0,2.6907315,-0.077634335,2.4003856,1.0
9175878479,-0.3513224,-0.8685065,-0.34966922,0.0,0.69332784,0.009643197,-0.7205576,0.0,0.62918097,-0.49558365,0.59877217,0.0,2.71066,-0.08395231,2.5224514,1.0
9177878502,-0.35023582,-0.86672574,-0.35513547,0.0,0.6862882,0.020576835,-0.7270385,0.0,0.6374506,-0.49836028,0.58761704,0.0,2.7486496,-0.103321195,2.6482034,1.0
9179878525,-0.40543187,-0.85481036,-0.32392082,0.0,0.6622906,-0.030436397,-0.7486288,0.0,0.63007665,-0.5180475,0.5784724,0.0,2.8142037,-0.10289371,2.7816331,1.0
9181878548,-0.4594078,-0.7868807,-0.41202265,0.0,0.6957764,-0.030465603,-0.7176117,0.0,0.5521223,-0.6163523,0.5614896,0.0,2.8554075,-0.12039375,2.9263678,1.0
9183878571,-0.39783525,-0.8515264,-0.34151143,0.0,0.73655736,-0.07450664,-0.67225903,0.0,0.5470014,-0.51899105,0.65683925,0.0,2.8737395,-0.10259211,3.056777,1.0
9185878595,-0.32833874,-0.9116392,-0.24719894,0.0,0.755046,-0.09606719,-0.64859575,0.0,0.56753767,-0.3996058,0.7198723,0.0,2.878569,-0.08504319,3.18405,1.0
9187878617,-0.33428144,-0.92151505,-0.19765222,0.0,0.6759222,-0.08825934,-0.7316692,0.0,0.65679944,-0.37818077,0.6523756,0.0,2.8932996,-0.067934275,3.3047686,1.0
9189878641,-0.39778435,-0.903599,-0.15898407,0.0,0.5120635,-0.07486904,-0.85567814,0.0,0.7612871,-0.42178553,0.4924822,0.0,2.9430978,-0.068773985,3.3956072,1.0
9191878664,-0.43118262,-0.89155644,-0.13859698,0.0,0.39363462,-0.04766071,-0.91803086,0.0,0.8118706,-0.45039535,0.37149763,0.0,3.0126545,-0.08589041,3.4765625,1.0
9193878686,-0.46853447,-0.8774667,-0.10260388,0.0,0.31266102,-0.056073427,-0.94820815,0.0,0.82626784,-0.47634846,0.30062205,0.0,3.1136816,-0.09640813,3.5368657,1.0
9195878710,-0.48725438,-0.87144065,-0.05634001,0.0,0.25232708,-0.078733206,-0.96443355,0.0,0.8360108,-0.48414066,0.25825125,0.0,3.2065926,-0.09473407,3.5960038,1.0
9197878733,-0.48882985,-0.8688183,-0.07874152,0.0,0.27846277,-0.06985831,-0.9579031,0.0,0.826743,-0.49017817,0.27608228,0.0,3.2572339,-0.09286165,3.6697702,1.0
9199878757,-0.48672533,-0.8721483,-0.049553722,0.0,0.21301734,-0.06348324,-0.97498375,0.0,0.84718466,-0.48510522,0.21668172,0.0,3.2653196,-0.09073651,3.7251773,1.0
9201878779,-0.392447,-0.91877943,-0.0427745,0.0,0.5544202,-0.1991955,-0.8080466,0.0,0.73389614,-0.34083053,0.58756363,0.0,3.2325547,-0.0715127,3.8542948,1.0
9203878803,-0.25632823,-0.9665871,-0.0023208857,0.0,0.7652121,-0.20145774,-0.61144537,0.0,0.59054756,-0.15850665,0.79128325,0.0,3.1643143,-0.03660357,3.9735703,1.0
9205878825,-0.29884052,-0.9443433,-0.13751449,0.0,0.7903781,-0.16417158,-0.5902122,0.0,0.534787,-0.28506768,0.79544914,0.0,3.116477,-0.052295923,4.063445,1.0
9207878848,-0.26354134,-0.9580021,-0.11304028,0.0,0.77423227,-0.14016175,-0.61718655,0.0,0.57542205,-0.25017357,0.7786544,0.0,3.0814867,-0.045898914,4.1056657,1.0
9209878872,-0.24696684,-0.9623483,-0.1135456,0.0,0.76640946,-0.12227917,-0.63060594,0.0,0.5929784,-0.24276136,0.7677522,0.0,3.042663,-0.04687333,4.106498,1.0
9211878896,-0.21345401,-0.96932876,-0.12181562,0.0,0.798525,-0.10127127,-0.59338176,0.0,0.5628456,-0.22393258,0.79565006,0.0,3.010644,-0.040942073,4.0722456,1.0
9213878918,-0.26750267,-0.958191,-0.101550385,0.0,0.8092217,-0.16619289,-0.563507,0.0,0.52307034,-0.2329164,0.8198459,0.0,3.005055,-0.05148828,4.0352306,1.0
9215878941,-0.3064313,-0.9471413,-0.094991386,0.0,0.8015766,-0.20293176,-0.5623999,0.0,0.51339537,-0.2484798,0.82139087,0.0,2.988422,-0.059143186,4.019364,1.0
9217878964,-0.37788844,-0.90519315,-0.19448793,0.0,0.7499525,-0.17608166,-0.6376256,0.0,0.5429286,-0.38680804,0.74539125,0.0,2.970539,-0.08062065,4.038456,1.0
9219878988,-0.54482126,-0.74810284,-0.37882978,0.0,0.6933386,-0.14778566,-0.70529497,0.0,0.47164756,-0.646917,0.5992053,0.0,2.9610908,-0.14617193,4.100995,1.0
9221879010,-0.36638904,-0.9126509,-0.1811831,0.0,0.6631617,-0.11954725,-0.7388674,0.0,0.65266806,-0.39086664,0.64903593,0.0,2.9326868,-0.0759145,4.1660347,1.0
9223879034,-0.22810423,-0.97228944,-0.05120161,0.0,0.52600753,-0.07880974,-0.8468205,0.0,0.8193195,-0.22009584,0.5294086,0.0,2.9085817,-0.03409314,4.1959653,1.0
9225879057,-0.2569685,-0.96527326,-0.047059327,0.0,0.32102597,-0.03932929,-0.9462534,0.0,0.9115423,-0.2582647,0.31998426,0.0,2.9241214,-0.03728175,4.1988964,1.0
9227879080,-0.30869508,-0.9504603,-0.036499947,0.0,0.13824987,-0.006868601,-0.99037343,0.0,0.94106007,-0.31076974,0.13352144,0.0,2.956273,-0.050735116,4.1610556,1.0
9229879108,-0.35126996,-0.9357941,0.029974014,0.0,-0.009440541,-0.028472304,-0.99954987,0.0,0.9362265,-0.351395,0.0011672974,0.0,3.0053136,-0.06706631,4.102605,1.0
9231879145,-0.36443782,-0.92109644,0.1369895,0.0,-0.22787595,-0.054424286,-0.97216785,0.0,0.9029161,-0.38551152,-0.19006133,0.0,3.060986,-0.076093435,4.0764346,1.0
9233879186,-0.2906711,-0.9151231,0.2793917,0.0,-0.5766423,-0.06547153,-0.81436896,0.0,0.7635402,-0.39782274,-0.50866795,0.0,3.0988393,-0.0824095,4.081356,1.0
9235879225,-0.12528014,-0.9242199,0.3607249,0.0,-0.92149276,-0.02633226,-0.38750187,0.0,0.36763564,-0.38095167,-0.84836304,0.0,3.089463,-0.066437006,4.098755,1.0
9237879263,-0.009145737,-0.9256543,0.37826002,0.0,-0.9999511,0.007035911,-0.0069592297,0.0,0.0037804097,-0.37830517,-0.92567337,0.0,3.0418243,-0.06161189,4.1257706,1.0
9239879302,0.13489687,-0.9444052,0.29983598,0.0,-0.9498626,-0.03711009,0.31045747,0.0,-0.2820707,-0.3266827,-0.9020611,0.0,2.9429593,-0.048679113,4.16792,1.0
9241879341,0.23965651,-0.94594216,0.21853656,0.0,-0.8003881,-0.06510377,0.59593654,0.0,-0.54949397,-0.31773415,-0.77272344,0.0,2.810016,-0.052434564,4.2211046,1.0
9243879381,0.30847222,-0.94057226,0.1420162,0.0,-0.61766946,-0.08451629,0.7818832,0.0,-0.723415,-0.32890826,-0.6070337,0.0,2.6956148,-0.061477184,4.2847137,1.0
9245879420,0.34849024,-0.93568,0.05529383,0.0,-0.43403488,-0.108805895,0.8943013,0.0,-0.8307636,-0.33565465,-0.44403553,0.0,2.6494384,-0.060079098,4.3263035,1.0
9247879459,0.48367655,-0.8735391,-0.054645956,0.0,-0.046567827,-0.0880301,0.9950284,0.0,-0.8740069,-0.47872698,-0.08325684,0.0,2.6556478,-0.084810376,4.361848,1.0
9249879498,0.51590455,-0.83335847,-0.19838369,0.0,0.28915304,-0.048585534,0.9560491,0.0,-0.80637026,-0.5505934,0.21590269,0.0,2.7148175,-0.09771025,4.364996,1.0
9251879538,0.4933833,-0.8144461,-0.30536953,0.0,0.48836434,-0.031134129,0.8720842,0.0,-0.71977305,-0.57940334,0.38238537,0.0,2.7835307,-0.10460734,4.3460693,1.0
9253879576,0.5106439,-0.793499,-0.3310621,0.0,0.5469407,0.0026940107,0.83716697,0.0,-0.66339934,-0.6085655,0.4353726,0.0,2.83946,-0.10588312,4.3305907,1.0
9255879615,0.49918908,-0.7992169,-0.3347574,0.0,0.5723534,0.014075816,0.8198862,0.0,-0.650555,-0.60087776,0.4644611,0.0,2.894699,-0.10324085,4.3342032,1.0
9257879654,0.45698535,-0.8412215,-0.28898218,0.0,0.52708155,-0.0055959225,0.8497963,0.0,-0.71648407,-0.5406617,0.44083506,0.0,2.9495587,-0.08932638,4.359618,1.0
9259879693,0.2983389,-0.9437467,-0.14260426,0.0,0.24284479,-0.06943655,0.96757686,0.0,-0.92304945,-0.32329646,0.20846844,0.0,2.9822135,-0.056026697,4.360082,1.0
9261879732,0.27681708,-0.95416975,-0.11372116,0.0,0.0954614,-0.090453744,0.991315,0.0,-0.95616925,-0.28526902,0.06604719,0.0,3.0245347,-0.053185225,4.360909,1.0
9263879771,0.24546671,-0.96483433,-0.094026566,0.0,0.071587116,-0.078687906,0.9943257,0.0,-0.96675825,-0.25080496,0.04975438,0.0,3.0511575,-0.044683814,4.3457036,1.0
9265879811,0.21470654,-0.9735669,-0.07790199,0.0,0.101376146,-0.05711651,0.99320734,0.0,-0.97140324,-0.22114563,0.08643305,0.0,3.0507238,-0.037215114,4.306371,1.0
9267879850,0.1722154,-0.9826255,-0.069205135,0.0,0.12783507,-0.047366977,0.9906639,0.0,-0.9767294,-0.17945457,0.117456496,0.0,3.0296402,-0.029094934,4.238357,1.0
9269879888,0.22804594,-0.97154796,-0.06394735,0.0,0.078300804,-0.047165155,0.99581325,0.0,-0.97049665,-0.23209813,0.06531727,0.0,2.9872317,-0.034445524,4.14178,1.0
9271879927,0.37578565,-0.91872823,-0.1213406,0.0,0.17650643,-0.05758214,0.9826137,0.0,-0.909742,-0.3906695,0.14052296,0.0,2.9520261,-0.057264566,4.0790305,1.0
9273879967,0.46471816,-0.8637227,-0.19498742,0.0,0.3431771,-0.027309537,0.9388735,0.0,-0.8162514,-0.50322676,0.28371865,0.0,2.9242458,-0.079435825,4.0473766,1.0
9275880006,0.47805864,-0.8659483,-0.14694765,0.0,0.23334911,-0.036073685,0.9717237,0.0,-0.8467634,-0.49883103,0.18482286,0.0,2.8607209,-0.08264804,4.006212,1.0
9277880044,0.43970984,-0.89793146,-0.01935029,0.0,-0.19163826,-0.11484897,0.9747228,0.0,-0.8774566,-0.424887,-0.22257829,0.0,2.7681572,-0.08016646,3.942805,1.0
9279880084,0.3919192,-0.9197664,0.02071938,0.0,-0.34762263,-0.12719822,0.92896694,0.0,-0.851797,-0.37128264,-0.36958313,0.0,2.6674695,-0.07808483,3.9259143,1.0
9281880123,0.35719156,-0.9329703,0.044504017,0.0,-0.41945657,-0.11765373,0.9001187,0.0,-0.834548,-0.34018227,-0.43336535,0.0,2.5504558,-0.061732173,3.924253,1.0
9283880161,0.35026258,-0.93390906,0.07162565,0.0,-0.44346657,-0.09799397,0.890918,0.0,-0.8250174,-0.3438189,-0.44848108,0.0,2.4509401,-0.05654955,3.9078283,1.0
9285880201,0.30405557,-0.94809085,0.093132645,0.0,-0.48586208,-0.07023668,0.87120855,0.0,-0.8194437,-0.31014535,-0.48199725,0.0,2.3635716,-0.05656576,3.8539863,1.0
9287880241,0.15730536,-0.9848912,0.07241896,0.0,-0.46892062,-0.00995481,0.8831842,0.0,-0.8691194,-0.17288837,-0.46340168,0.0,2.271025,-0.050732613,3.7651548,1.0
9289880279,0.14091611,-0.9882014,0.060001582,0.0,-0.48787317,-0.01657772,0.87275684,0.0,-0.8614651,-0.15225852,-0.48445296,0.0,2.1639311,-0.032456756,3.6488972,1.0
9291880318,0.17447245,-0.98321414,0.053378195,0.0,-0.5286757,-0.04780495,0.8474766,0.0,-0.8306993,-0.17608106,-0.528142,0.0,2.0617342,-0.021824956,3.5545492,1.0
9293880356,0.1515159,-0.9792893,0.13429645,0.0,-0.7939056,-0.039626002,0.6067486,0.0,-0.58886075,-0.19855082,-0.7834673,0.0,1.9629517,-0.037446856,3.4307535,1.0
9295880396,0.12317008,-0.9769625,0.17428018,0.0,-0.91298574,-0.04272306,0.40574858,0.0,-0.38895535,-0.20909145,-0.8972151,0.0,1.8427687,-0.054159164,3.3443167,1.0
9297880434,0.10963398,-0.97577703,0.18931282,0.0,-0.9375138,-0.038237333,0.3458401,0.0,-0.33022404,-0.2153992,-0.9189966,0.0,1.693119,-0.048221827,3.273715,1.0
9299880472,0.12279785,-0.97022945,0.20874728,0.0,-0.94408315,-0.04935038,0.32599312,0.0,-0.3059864,-0.23710603,-0.92203736,0.0,1.5599228,-0.04271841,3.1829665,1.0
9301880511,0.1418196,-0.966838,0.21239462,0.0,-0.9342929,-0.059839606,0.35144833,0.0,-0.32708398,-0.24828105,-0.91179633,0.0,1.4441502,-0.06379861,3.0697308,1.0
9303880550,0.11297858,-0.9614494,0.250701,0.0,-0.9670583,-0.048476458,0.24989666,0.0,-0.2281099,-0.27067548,-0.93525445,0.0,1.366635,-0.061830163,2.9036016,1.0
9305880590,0.10849208,-0.95282596,0.28346473,0.0,-0.96150357,-0.028160095,0.273346,0.0,-0.25246876,-0.3022082,-0.91920066,0.0,1.2850846,-0.053745627,2.7619894,1.0
9307880628,0.1345216,-0.9413136,0.30956903,0.0,-0.93337417,-0.015463948,0.35857198,0.0,-0.33274147,-0.3371794,-0.88067794,0.0,1.1869351,-0.06631523,2.6408064,1.0
9309880667,0.18738937,-0.92554796,0.3290077,0.0,-0.88476455,-0.013537765,0.46584153,0.0,-0.42670465,-0.37838805,-0.8214288,0.0,1.0499924,-0.09247327,2.527884,1.0
9311880706,0.263238,-0.90934014,0.32219023,0.0,-0.7634237,0.007834673,0.64585084,0.0,-0.58982223,-0.4159802,-0.6921494,0.0,0.8874624,-0.08273363,2.4173472,1.0
9313880745,0.29168338,-0.921843,0.25519854,0.0,-0.6501258,0.0046343207,0.75981253,0.0,-0.7016105,-0.38753587,-0.59796214,0.0,0.77507806,-0.06804502,2.298286,1.0
9315880784,0.2584325,-0.94961727,0.17731166,0.0,-0.5824009,-0.0067175627,0.8128738,0.0,-0.770728,-0.3133394,-0.55479395,0.0,0.71028197,-0.072325945,2.1565828,1.0
9317880823,0.23512214,-0.95981956,0.15317944,0.0,-0.5484611,-0.00090670586,0.83617556,0.0,-0.80243874,-0.2806163,-0.52663684,0.0,0.6731212,-0.061426222,1.9881845,1.0
9319880862,0.21126252,-0.97152627,0.10725996,0.0,-0.4939865,-0.011435032,0.8693942,0.0,-0.8434129,-0.23665532,-0.48233652,0.0,0.6250142,-0.0326124,1.8509531,1.0
9321880901,0.21636319,-0.9755168,0.039420545,0.0,-0.4461503,-0.06287742,0.89274657,0.0,-0.8684106,-0.2107451,-0.44883156,0.0,0.5539397,-0.04197523,1.7238412,1.0
9323880940,0.24396306,-0.9692586,0.03193733,0.0,-0.42660445,-0.077685595,0.901096,0.0,-0.87091386,-0.23345888,-0.43244255,0.0,0.44973993,-0.057949454,1.6065402,1.0
9325880978,0.22573745,-0.9738765,-0.02464217,0.0,-0.3918762,-0.1139344,0.912936,0.0,-0.89189446,-0.1964272,-0.4073584,0.0,0.33335555,-0.040434428,1.4862498,1.0
9327881017,0.27231026,-0.96156055,0.03533283,0.0,-0.42493445,-0.087231874,0.9010112,0.0,-0.8632947,-0.26036867,-0.4323542,0.0,0.23172903,-0.05015492,1.3287138,1.0
9329881055,0.25450402,-0.9654645,0.055734664,0.0,-0.42697147,-0.060468435,0.90224123,0.0,-0.86771154,-0.25342128,-0.42761528,0.0,0.15151441,-0.06926788,1.1590297,1.0
9331881095,0.1999051,-0.9775848,0.06607583,0.0,-0.49002331,-0.04135108,0.8707281,0.0,-0.8484782,-0.2064417,-0.48730564,0.0,0.093503684,-0.04848624,0.9825022,1.0
9333881134,0.21462947,-0.9716093,0.099546105,0.0,-0.60612684,-0.05258286,0.7936278,0.0,-0.76586175,-0.23067349,-0.60020435,0.0,0.034855135,-0.03118749,0.8408847,1.0
9335881173,0.1966958,-0.9529422,0.23067613,0.0,-0.8288495,-0.035931468,0.5583162,0.0,-0.52375466,-0.30101418,-0.79691327,0.0,-0.0029439405,-0.050398864,0.70272243,1.0
9337881211,0.01570934,-0.9598207,0.2801749,0.0,-0.9739587,-0.07807565,-0.21285948,0.0,0.22618163,-0.2695348,-0.9360522,0.0,0.03408873,-0.0407587,0.5884551,1.0
9339881251,-0.19071662,-0.96914417,0.15616119,0.0,-0.37674016,-0.074636936,-0.923307,0.0,0.90647316,-0.23492235,-0.35088086,0.0,0.116333485,-0.035703808,0.594817,1.0
9341881290,-0.21826816,-0.973972,0.061135918,0.0,0.24377924,-0.11507714,-0.9629793,0.0,0.9449502,-0.19528392,0.26255178,0.0,0.11502242,-0.031605452,0.6795959,1.0
9343881328,-0.20407856,-0.97895014,0.00293836,0.0,0.37524113,-0.08099687,-0.9233817,0.0,0.90418255,-0.18733978,0.38387203,0.0,0.07313788,-0.030453563,0.764718,1.0
9345881366,-0.21277285,-0.9770818,-0.0062252283,0.0,0.41818893,-0.0853045,-0.90434563,0.0,0.88308865,-0.19502363,0.42675537,0.0,0.033527374,-0.034320667,0.8531564,1.0
9347881404,-0.22179902,-0.9749774,-0.0149843395,0.0,0.44065967,-0.086514235,-0.8934957,0.0,0.8698416,-0.20477939,0.44882184,0.0,-0.010347962,-0.029163659,0.89691585,1.0
9349881443,-0.2049948,-0.97774875,-0.04455468,0.0,0.4846803,-0.06185949,-0.8725015,0.0,0.85033095,-0.2004528,0.48657602,0.0,-0.04340589,-0.026590466,0.898183,1.0
9351881483,-0.20204782,-0.9790909,-0.023611397,0.0,0.4057969,-0.06175089,-0.9118748,0.0,0.8913504,-0.19382378,0.4097888,0.0,-0.047250748,-0.023717135,0.85787237,1.0
9353881520,-0.13063192,-0.9914285,-0.002213031,0.0,0.38757268,-0.049012303,-0.9205353,0.0,0.9125364,-0.12110904,0.39065313,0.0,-0.05413568,-0.0133039355,0.82516015,1.0
9355881561,-0.1333623,-0.9909968,0.011823773,0.0,0.37158352,-0.061058402,-0.9263895,0.0,0.91877097,-0.11915201,0.37638104,0.0,-0.057631016,-0.013863027,0.7993581,1.0
9357881600,-0.06967163,-0.9968064,0.039023727,0.0,0.3477459,-0.06093347,-0.9356067,0.0,0.9349966,-0.05161485,0.35088074,0.0,-0.06528616,-0.0043867826,0.77724725,1.0
9359881639,0.2620446,-0.94859445,0.17748654,0.0,0.38468054,-0.06599903,-0.92068744,0.0,0.8850727,0.30953684,0.34761095,0.0,-0.10649943,0.037056983,0.7521872,1.0
9361881677,0.30364954,-0.9292015,0.21066895,0.0,0.40144023,-0.07575345,-0.912747,0.0,0.86408484,0.3617262,0.35001642,0.0,-0.120509624,0.040022433,0.7407543,1.0
9363881716,0.27889234,-0.9370786,0.21000695,0.0,0.4042776,-0.08379483,-0.9107899,0.0,0.8710791,0.3389135,0.35547006,0.0,-0.117915034,0.036780745,0.73717207,1.0
9365881756,0.19362223,-0.9637658,0.18348289,0.0,0.44078535,-0.08162594,-0.8938935,0.0,0.87648094,0.2539542,0.40900922,0.0,-0.11229539,0.02833286,0.7424833,1.0
9367881795,0.019943058,-0.99409866,0.10663211,0.0,0.5182364,-0.08092904,-0.8513999,0.0,0.855005,0.07224026,0.51356393,0.0,-0.09763408,0.008722484,0.7576681,1.0
9369881834,-0.118640065,-0.9928184,-0.015360773,0.0,0.7296383,-0.076676965,-0.6795207,0.0,0.6734629,-0.09182626,0.7334955,0.0,-0.09324193,-0.012430906,0.7936032,1.0
9371881874,-0.09392846,-0.9952893,-0.024009615,0.0,0.79097354,-0.059957743,-0.60890543,0.0,0.60459757,-0.07618457,0.79287934,0.0,-0.09779596,-0.00971356,0.79639006,1.0
9373881914,-0.10834682,-0.99391097,-0.02003643,0.0,0.6964238,-0.061503887,-0.71499,0.0,0.70940423,-0.09142086,0.6988474,0.0,-0.082960844,-0.011337817,0.7656861,1.0
9375881953,-0.17315936,-0.9848855,-0.0040332675,0.0,0.5361225,-0.09082246,-0.8392401,0.0,0.82618904,-0.14748463,0.5437461,0.0,-0.06287122,-0.02155453,0.7240692,1.0
9377881992,-0.21613836,-0.9756353,0.037679523,0.0,0.27287564,-0.09741557,-0.95710444,0.0,0.93745553,-0.19658518,0.28728247,0.0,-0.0452106,-0.031576604,0.66427153,1.0
9379882031,-0.25849915,-0.96294177,0.07694793,0.0,0.0663645,-0.0971694,-0.99305266,0.0,0.963729,-0.25159675,0.08902347,0.0,-0.022940397,-0.044262946,0.6157912,1.0
9381882071,-0.22677195,-0.9582026,0.17442003,0.0,-0.3560746,-0.08512056,-0.9305726,0.0,0.9065238,-0.27313426,-0.3218887,0.0,0.0043108463,-0.048741072,0.55795676,1.0
9383882108,-0.04755664,-0.98378336,0.17294036,0.0,-0.86001134,-0.047734737,-0.50803703,0.0,0.5080537,-0.1728913,-0.8437947,0.0,0.0052717924,-0.038780212,0.5350312,1.0
9385882147,0.021123886,-0.9853461,0.16925345,0.0,-0.98827374,-0.04618597,-0.14553967,0.0,0.15122409,-0.1641944,-0.9747672,0.0,0.033139348,-0.029725313,0.5662578,1.0
9387882186,0.05053532,-0.9882873,0.14399348,0.0,-0.992157,-0.033174038,0.12051455,0.0,-0.114326164,-0.14895439,-0.98221266,0.0,0.0622375,-0.02311778,0.584854,1.0
9389882225,0.09097588,-0.98117495,0.17035031,0.0,-0.9439039,-0.030431747,0.3288151,0.0,-0.31744105,-0.19070858,-0.92890346,0.0,0.0782361,-0.03634751,0.5488882,1.0
9391882264,0.18753874,-0.95738393,0.2196475,0.0,-0.8829617,-0.06633878,0.4647338,0.0,-0.43035755,-0.2810959,-0.8577745,0.0,0.061698705,-0.06504567,0.4524038,1.0
9393882305,0.3445338,-0.86960524,0.35367092,0.0,-0.793675,-0.06861484,0.60446006,0.0,-0.5013746,-0.48895666,-0.71382403,0.0,0.034755662,-0.09768854,0.33194244,1.0
9395882343,0.3948261,-0.70932925,0.5839217,0.0,-0.8252295,0.0055817366,0.5647701,0.0,-0.40386727,-0.7048553,-0.58315563,0.0,0.042405784,-0.1474201,0.20221588,1.0
9397882382,0.4294625,-0.5765117,0.6951231,0.0,-0.8437459,0.01826328,0.5364316,0.0,-0.32195428,-0.8168846,-0.47858596,0.0,0.06248343,-0.19144234,0.08871174,1.0
9399882422,0.47299492,-0.52935773,0.70431256,0.0,-0.82424027,0.016581655,0.56599736,0.0,-0.31129372,-0.8482367,-0.4284749,0.0,0.10678935,-0.21706408,-0.020723075,1.0
9401882461,0.4656062,-0.44648466,0.7641088,0.0,-0.8619338,-0.032975316,0.50594723,0.0,-0.20070091,-0.8941834,-0.4001938,0.0,0.17829645,-0.22898564,-0.15275356,1.0
9403882501,0.44413334,-0.46525127,0.7656936,0.0,-0.87451607,-0.039250016,0.48340544,0.0,-0.1948514,-0.88430786,-0.42430186,0.0,0.21670061,-0.21283403,-0.26588947,1.0
9405882539,0.37957937,-0.5739555,0.72559947,0.0,-0.8928376,-0.02176094,0.44985265,0.0,-0.24240564,-0.81859726,-0.52070904,0.0,0.2180183,-0.18970555,-0.3746384,1.0
9407882579,0.3449731,-0.61662954,0.7076451,0.0,-0.90368384,-0.014441729,0.42795664,0.0,-0.2536711,-0.787121,-0.5622201,0.0,0.17332923,-0.18274873,-0.4728998,1.0
9409882617,0.36116445,-0.68444085,0.6333254,0.0,-0.86490035,0.008009315,0.50187975,0.0,-0.34857947,-0.72902447,-0.58908045,0.0,0.10802442,-0.15936077,-0.557497,1.0
9411882657,0.411667,-0.72328186,0.554431,0.0,-0.7565845,0.06791091,0.65036,0.0,-0.5080455,-0.6872057,-0.5192672,0.0,0.05350244,-0.14478624,-0.61217636,1.0
9413882694,0.4823379,-0.7470636,0.45743436,0.0,-0.64208204,0.053708196,0.7647524,0.0,-0.59588665,-0.6625794,-0.45377064,0.0,0.02649492,-0.14172304,-0.6563554,1.0
9415882733,0.52762634,-0.77606463,0.34544748,0.0,-0.47651327,0.066259325,0.8766667,0.0,-0.70323926,-0.62716275,-0.33484495,0.0,0.015518904,-0.11912501,-0.68587565,1.0
9417882772,0.5505266,-0.81567746,0.17773771,0.0,-0.19387645,0.082163036,0.97757924,0.0,-0.8119928,-0.57264256,-0.11290765,0.0,-0.0038630962,-0.09996128,-0.691339,1.0
9419882810,0.5003333,-0.8657258,0.013614297,0.0,0.18348712,0.12138432,0.9754989,0.0,-0.84616727,-0.48557648,0.2195822,0.0,-0.008556545,-0.080192804,-0.6347446,1.0
9421882850,0.41606092,-0.90610516,-0.07659337,0.0,0.3663906,0.08995378,0.9261025,0.0,-0.83225656,-0.4133781,0.3694148,0.0,0.003121972,-0.066405475,-0.5514196,1.0
9423882887,0.2985549,-0.93461114,-0.19330531,0.0,0.49635166,-0.020945072,0.86786884,0.0,-0.8151687,-0.35505396,0.45764256,0.0,0.021767378,-0.06180352,-0.4649966,1.0
9425882927,0.21098918,-0.95007515,-0.22987092,0.0,0.5773134,-0.0686506,0.8136314,0.0,-0.7887919,-0.30437493,0.5340067,0.0,0.032491505,-0.060021996,-0.41552725,1.0
9427882963,0.10016656,-0.9678042,-0.23091453,0.0,0.66217947,-0.108376384,0.7414666,0.0,-0.7426202,-0.22717696,0.6300045,0.0,0.05540961,-0.04883915,-0.40534467,1.0
9429883003,-0.107679844,-0.96896577,-0.22250979,0.0,0.9626037,-0.15757823,0.22037145,0.0,-0.24859504,-0.19045916,0.94969773,0.0,0.15326786,-0.042283773,-0.40883452,1.0
9431883041,-0.13413775,-0.96348286,-0.23174848,0.0,0.98922384,-0.11634219,-0.08888294,0.0,0.058675036,-0.24117373,0.9687066,0.0,0.19536364,-0.047449827,-0.4436363,1.0
9433883079,-0.1551193,-0.96277267,-0.22137521,0.0,0.954691,-0.08848333,-0.28414062,0.0,0.25397483,-0.2554206,0.93287575,0.0,0.22115457,-0.046508074,-0.48183417,1.0
9435883118,-0.10234082,-0.97299415,-0.2069036,0.0,0.9930003,-0.08759713,-0.07923005,0.0,0.058966257,-0.21356377,0.97514796,0.0,0.18532985,-0.036265075,-0.48944014,1.0
9437883156,-0.1228199,-0.9923641,0.011345178,0.0,0.9032354,-0.10703766,0.41558248,0.0,-0.4111948,0.06128916,0.90948474,0.0,0.11414516,0.0030337572,-0.50728357,1.0
9439883195,-0.0062218904,-0.99805516,-0.06202659,0.0,0.64995116,-0.051175237,0.75825113,0.0,-0.75995064,-0.03559661,0.6490054,0.0,0.041377902,-0.00540179,-0.5219443,1.0
9441883234,0.46178627,-0.8642591,-0.19952369,0.0,0.28436807,-0.06881702,0.95624214,0.0,-0.8401716,-0.49831766,0.2139889,0.0,-0.03135079,-0.082255244,-0.543045,1.0
9443883272,0.6082162,-0.7909381,-0.06700775,0.0,-0.1459595,-0.19441783,0.96999884,0.0,-0.7802365,-0.58018863,-0.233693,0.0,-0.067584276,-0.11501253,-0.58706886,1.0
9445883310,0.5682347,-0.8180906,0.088526845,0.0,-0.4730534,-0.23674476,0.84862953,0.0,-0.67329764,-0.5240986,-0.5215272,0.0,-0.06734669,-0.10884738,-0.619632,1.0
9447883351,0.55544066,-0.8290918,0.063972116,0.0,-0.3544711,-0.16647756,0.920128,0.0,-0.75222063,-0.5337528,-0.38635743,0.0,-0.070580065,-0.10465407,-0.564251,1.0
9449883390,0.43586946,-0.89565384,-0.088442355,0.0,0.27534285,0.039144993,0.9605488,0.0,-0.8568572,-0.4430259,0.26367396,0.0,-0.048472524,-0.08035058,-0.42309153,1.0
9451883429,0.10118705,-0.9629162,-0.25010777,0.0,0.99160737,0.11795223,-0.05293829,0.0,0.080475934,-0.24265197,0.9667697,0.0,0.13436556,-0.052060723,-0.29841104,1.0
9453883468,-0.06175971,-0.9416605,-0.33084932,0.0,0.96173906,0.03250122,-0.27203268,0.0,0.26691547,-0.33499134,0.90362436,0.0,0.16677105,-0.07024348,-0.26022983,1.0
9455883506,-0.11739266,-0.9438935,-0.30868146,0.0,0.86644596,0.054539084,-0.4962833,0.0,0.48527375,-0.32571572,0.81143004,0.0,0.1517812,-0.07221478,-0.23147357,1.0
9457883544,-0.16639102,-0.9510231,-0.26051718,0.0,0.76438415,0.042500913,-0.6433588,0.0,0.6229213,-0.30618432,0.71987516,0.0,0.094982624,-0.066554785,-0.20070559,1.0
9459883583,-0.19540846,-0.96415055,-0.179526,0.0,0.60976684,0.023928165,-0.79221976,0.0,0.7681147,-0.26427534,0.58323103,0.0,0.038845062,-0.044854283,-0.18102643,1.0
9461883622,-0.2214129,-0.9581433,-0.18148819,0.0,0.58629805,0.017922938,-0.8098973,0.0,0.7792504,-0.28572777,0.55778897,0.0,0.00047540665,-0.04452735,-0.1433318,1.0
9463883661,-0.13532007,-0.98615766,-0.09581956,0.0,0.81214666,-0.05500388,-0.58085465,0.0,0.56754386,-0.1564209,0.808348,0.0,-0.037427902,-0.029472172,-0.0888221,1.0
9465883699,-0.13307762,-0.9892935,-0.05990854,0.0,0.8721927,-0.08818865,-0.48114753,0.0,0.4707128,-0.11628167,0.8745902,0.0,-0.03523898,-0.023976445,-0.07697007,1.0
9467883738,-0.11191428,-0.98521316,-0.12973121,0.0,0.9812496,-0.08894837,-0.17098986,0.0,0.15692207,-0.14643489,0.9766946,0.0,-0.034537196,-0.026611567,-0.040299624,1.0
9469883776,0.17460644,-0.9709598,-0.16355261,0.0,0.676306,-0.002459526,0.7366165,0.0,-0.71562743,-0.23922954,0.65623665,0.0,-0.11562824,-0.037737668,-0.020678222,1.0
9471883815,0.4035455,-0.9145502,0.02736625,0.0,-0.19337466,-0.05601597,0.9795245,0.0,-0.8942914,-0.40057456,-0.19945574,0.0,-0.12966096,-0.072680354,-0.111783326,1.0
9473883854,0.5088941,-0.8509518,0.13003021,0.0,-0.44717753,-0.13225126,0.88461393,0.0,-0.73556715,-0.50832134,-0.4478284,0.0,-0.08468139,-0.100227475,-0.1592319,1.0
9475883893,0.5104201,-0.8192669,0.26129127,0.0,-0.574906,-0.09914386,0.8121908,0.0,-0.63949555,-0.5647764,-0.52160645,0.0,-0.05790341,-0.10562962,-0.23070219,1.0
9477883932,0.49807853,-0.8018774,0.3300156,0.0,-0.6214762,-0.0647006,0.7807567,0.0,-0.604719,-0.59397495,-0.5305736,0.0,-0.06654036,-0.11341131,-0.33385125,1.0
9479883970,0.5142604,-0.76757205,0.3825828,0.0,-0.6294148,-0.0347687,0.7762915,0.0,-0.5825577,-0.6400193,-0.50100136,0.0,-0.10239148,-0.12433946,-0.46438128,1.0
9481884009,0.5649247,-0.7357262,0.37358698,0.0,-0.5811958,-0.03340459,0.81307805,0.0,-0.58572316,-0.676455,-0.44647193,0.0,-0.14142215,-0.12613982,-0.54148185,1.0
9483884047,0.5864153,-0.7234449,0.3643415,0.0,-0.5423836,-0.016625404,0.83996665,0.0,-0.60161215,-0.6901822,-0.40213406,0.0,-0.15901649,-0.13297176,-0.56360936,1.0
9485884087,0.45218307,-0.7950575,0.40424523,0.0,-0.80482346,-0.16836274,0.56913394,0.0,-0.38443437,-0.58269876,-0.71601164,0.0,-0.103805065,-0.11734587,-0.5737562,1.0
9487884126,0.24135548,-0.8894539,0.38809717,0.0,-0.9658636,-0.18139243,0.18494436,0.0,-0.09410161,-0.41948625,-0.90287125,0.0,0.01623869,-0.101747036,-0.4876925,1.0
9489884165,0.069577396,-0.9365967,0.34343213,0.0,-0.964294,-0.15132916,-0.21733946,0.0,0.25553071,-0.31604767,-0.91368365,0.0,0.14116019,-0.08365792,-0.35818872,1.0
9491884204,-0.025767088,-0.9739814,0.22515813,0.0,-0.91845644,-0.06585932,-0.39000016,0.0,0.39468166,-0.21684714,-0.89286256,0.0,0.24328542,-0.042362034,-0.24831393,1.0
9493884243,-0.060213327,-0.98155135,0.18147025,0.0,-0.8814462,-0.03303027,-0.4711281,0.0,0.46843043,-0.18832444,-0.8631958,0.0,0.34250844,-0.033376396,-0.16875121,1.0
9495884282,-0.015727282,-0.98419213,0.17640461,0.0,-0.813131,-0.09008038,-0.57506835,0.0,0.58186835,-0.15248433,-0.79886043,0.0,0.48756754,-0.032633543,-0.10055569,1.0
9497884321,-0.035787106,-0.9908644,0.13002759,0.0,-0.7167257,-0.06522429,-0.69429827,0.0,0.69643635,-0.11804098,-0.7078438,0.0,0.63950753,-0.01936102,-0.031294882,1.0
9499884361,0.0022637844,-0.995033,0.09951863,0.0,-0.6513474,-0.076979876,-0.7548646,0.0,0.7587762,-0.06311238,-0.64828634,0.0,0.73610824,-0.005872816,0.0031512976,1.0
9501884401,-0.03240645,-0.99684715,0.07242823,0.0,-0.5768534,-0.040524244,-0.81584203,0.0,0.8162048,-0.06821889,-0.5737214,0.0,0.8208054,-0.009661704,-0.0011365563,1.0
9503884440,-0.14571762,-0.97399634,0.17348579,0.0,-0.537612,-0.069248796,-0.84034383,0.0,0.8305056,-0.21572104,-0.51354134,0.0,0.9007117,-0.039959013,-0.05992897,1.0
9505884478,-0.21570182,-0.95174426,0.21830145,0.0,-0.5150712,-0.07903135,-0.8534961,0.0,0.8295628,-0.29654142,-0.47316885,0.0,0.9942068,-0.049679667,-0.15162537,1.0
9507901717,-0.3194945,-0.90730655,0.27334532,0.0,-0.5092876,-0.07884407,-0.85697687,0.0,0.79909253,-0.41301095,-0.43688965,0.0,1.1115395,-0.070260465,-0.2404899,1.0
9509899991,-0.4121467,-0.8677764,0.27766842,0.0,-0.49480245,-0.04272151,-0.8679549,0.0,0.7650531,-0.49511546,-0.41177058,0.0,1.24227,-0.08678448,-0.29469174,1.0
9511900030,-0.4573555,-0.83598626,0.30323672,0.0,-0.53549385,-0.013339877,-0.84443355,0.0,0.70998013,-0.54858804,-0.4415642,0.0,1.3856715,-0.11467461,-0.33544505,1.0
