timestamp,pose 00,pose 01,pose 02,pose 03,pose 10,pose 11,pose 12,pose 13,pose 20,pose 21,pose 22,pose 23,pose 30,pose 31,pose 32,pose 33
8164916990042,-0.20813847,-0.92819387,0.3084391,0.0,-0.97127694,0.23332196,0.046712965,0.0,-0.115324326,-0.289857,-0.9500966,0.0,-0.045302182,0.03632144,-0.056063406,1.0
8164918990082,-0.21113229,-0.9248902,0.3162307,0.0,-0.97236866,0.23170781,0.02848038,0.0,-0.09961441,-0.30147964,-0.9482553,0.0,-0.043768965,0.03292636,-0.049640507,1.0
8164920990122,-0.21394372,-0.9267219,0.30889225,0.0,-0.9711818,0.23579204,0.03475353,0.0,-0.105041154,-0.29255527,-0.9504616,0.0,-0.044198647,0.034203086,-0.046284124,1.0
8164922990164,-0.1998918,-0.9248471,0.3235747,0.0,-0.9738313,0.22397429,0.038571224,0.0,-0.10814485,-0.3073972,-0.94541574,0.0,-0.049112312,0.03262188,-0.054709677,1.0
8164924990204,-0.15875626,-0.930284,0.3307075,0.0,-0.97986174,0.18954283,0.062801376,0.0,-0.12110628,-0.31407762,-0.94164085,0.0,-0.055915672,0.030276986,-0.050765112,1.0
8164926990245,-0.1498164,-0.93524796,0.32072726,0.0,-0.98102087,0.18099958,0.06954898,0.0,-0.12309703,-0.30422056,-0.9446144,0.0,-0.058517255,0.0315866,-0.047434147,1.0
8164928990286,-0.14588594,-0.9337498,0.32684684,0.0,-0.9813906,0.17829031,0.07131087,0.0,-0.12486017,-0.31036112,-0.9423833,0.0,-0.05964164,0.030739576,-0.049960352,1.0
8164930990327,-0.15332985,-0.9331852,0.32504663,0.0,-0.98083365,0.18374306,0.06483763,0.0,-0.12023058,-0.3088751,-0.94347274,0.0,-0.057067405,0.030307926,-0.048149765,1.0
8164932990366,-0.15458477,-0.9336512,0.32310778,0.0,-0.9807384,0.18453604,0.06401821,0.0,-0.11939568,-0.306988,-0.9441941,0.0,-0.05658461,0.03067899,-0.04776272,1.0
8164934990408,-0.14978337,-0.93320376,0.3266425,0.0,-0.9812531,0.18082792,0.06665858,0.0,-0.12127209,-0.31053466,-0.9427941,0.0,-0.058005758,0.030201918,-0.04890982,1.0
8164936990447,-0.1207428,-0.93624705,0.32994312,0.0,-0.98528355,0.15353805,0.075114325,0.0,-0.12098437,-0.31601804,-0.9410075,0.0,-0.06086128,0.028799683,-0.048165902,1.0
8164938990490,0.052867234,-0.931207,0.3606362,0.0,-0.987879,0.004010856,0.15517369,0.0,-0.14594528,-0.36446854,-0.9197078,0.0,-0.08645345,0.016703712,-0.04730231,1.0
8164940990530,0.099437356,-0.9232796,0.37103486,0.0,-0.9763352,-0.018563628,0.21546406,0.0,-0.1920458,-0.38367963,-0.90327644,0.0,-0.10402845,0.013129264,-0.04831395,1.0
8164942990571,0.0956884,-0.92115694,0.37724474,0.0,-0.9777618,-0.015929699,0.20911229,0.0,-0.1866158,-0.3888651,-0.9021963,0.0,-0.10564764,0.014707066,-0.05265832,1.0
8164944990611,0.08156937,-0.9113916,0.40337542,0.0,-0.9824164,-0.0053263903,0.18662657,0.0,-0.16794136,-0.41150564,-0.8958006,0.0,-0.10548756,0.01180063,-0.07180355,1.0
8164946990652,0.08396399,-0.87239856,0.48152953,0.0,-0.9866075,-0.004966259,0.16303627,0.0,-0.13984118,-0.48876983,-0.8611319,0.0,-0.11141057,-0.0037537515,-0.13259453,1.0
8164948990693,0.06775206,-0.8366583,0.5435189,0.0,-0.9877643,0.020449698,0.15460858,0.0,-0.14046939,-0.5473435,-0.8250357,0.0,-0.10619193,-0.006496826,-0.22281241,1.0
8164950990733,-0.017027378,-0.826763,0.5622927,0.0,-0.983731,0.11444175,0.13847937,0.0,-0.17883942,-0.5507868,-0.815261,0.0,-0.07696407,0.012117773,-0.3003698,1.0
8164952990774,0.05987519,-0.8241937,0.56313396,0.0,-0.95260084,0.121393085,0.2789544,0.0,-0.29827303,-0.5531443,-0.7778592,0.0,-0.0781236,0.027962916,-0.33090973,1.0
8164954990815,0.16839993,-0.829044,0.53322375,0.0,-0.8990637,0.092601836,0.4279127,0.0,-0.40413594,-0.5514626,-0.72976923,0.0,-0.09879169,0.03070777,-0.3320942,1.0
8164956990855,0.24929392,-0.8266034,0.50455844,0.0,-0.84386075,0.07020342,0.5319496,0.0,-0.47513303,-0.5583889,-0.6800369,0.0,-0.13653824,0.023028046,-0.29871148,1.0
8164958990896,0.21674472,-0.85051423,0.47921517,0.0,-0.8590626,0.06700444,0.5074661,0.0,-0.46371666,-0.5216664,-0.71612215,0.0,-0.16222416,0.019687079,-0.25787067,1.0
8164960990938,0.15405965,-0.87035745,0.4677003,0.0,-0.88885754,0.08464038,0.45029795,0.0,-0.4315065,-0.4850917,-0.7605841,0.0,-0.17096828,0.022088643,-0.21986133,1.0
8164962990980,0.09009838,-0.8993867,0.42776832,0.0,-0.91340417,0.09657353,0.39543164,0.0,-0.39695707,-0.4263531,-0.81280255,0.0,-0.18551536,0.025416736,-0.17196849,1.0
8164964991020,0.08193779,-0.9075919,0.41178092,0.0,-0.9330302,0.07538509,0.35181263,0.0,-0.35034445,-0.41303077,-0.84063375,0.0,-0.18912591,0.025738042,-0.14269409,1.0
8164966991061,0.07749754,-0.9020168,0.42468762,0.0,-0.93648523,0.080277085,0.3413954,0.0,-0.34203708,-0.424171,-0.8385041,0.0,-0.20547757,0.029414628,-0.15492195,1.0
8164968991103,0.06961596,-0.8960485,0.43846413,0.0,-0.95548517,0.06643081,0.2874633,0.0,-0.28670862,-0.438958,-0.8515364,0.0,-0.2597363,0.016056102,-0.19062799,1.0
8164970991142,0.08782756,-0.8760182,0.47421318,0.0,-0.9620475,0.04887712,0.26846844,0.0,-0.2583614,-0.47979456,-0.83847845,0.0,-0.2816667,0.057820357,-0.20447665,1.0
8164972991183,0.06604886,-0.85874474,0.50812894,0.0,-0.9711659,0.06158358,0.23031344,0.0,-0.22907285,-0.50868946,-0.829916,0.0,-0.24985696,0.12940937,-0.21086,1.0
8164974991225,0.020192027,-0.8416796,0.5395994,0.0,-0.97451115,0.10404229,0.19875377,0.0,-0.22342812,-0.52985895,-0.81812525,0.0,-0.23555776,0.21021755,-0.1997633,1.0
8164976991265,0.015853584,-0.81217456,0.58319914,0.0,-0.97770846,0.10954183,0.17912808,0.0,-0.209368,-0.57303846,-0.79233325,0.0,-0.25328568,0.3094078,-0.15682411,1.0
8164978991306,0.020895123,-0.76408654,0.6447753,0.0,-0.99663943,0.035171926,0.073978096,0.0,-0.079203635,-0.6441542,-0.7607839,0.0,-0.29297876,0.33374244,-0.13612467,1.0
8164980991345,0.026701093,-0.76108253,0.64810514,0.0,-0.99724686,0.024586737,0.06995779,0.0,-0.0691784,-0.6481888,-0.7583306,0.0,-0.36255822,0.34555936,-0.109565765,1.0
8164982991388,0.063206434,-0.77345043,0.63069737,0.0,-0.99097854,0.026194215,0.1314354,0.0,-0.11817935,-0.63331515,-0.7648171,0.0,-0.44614288,0.35150626,-0.06555443,1.0
8164984991429,0.07672292,-0.79052144,0.6076092,0.0,-0.9874961,0.023923695,0.15581623,0.0,-0.13771223,-0.6119665,-0.7788013,0.0,-0.49266946,0.3652624,-0.031671718,1.0
8164986991469,-0.10219681,-0.7904879,0.6038911,0.0,-0.9870926,0.0053367615,-0.16006078,0.0,0.1233034,-0.61245424,-0.78083014,0.0,-0.45970285,0.36737952,-0.02765914,1.0
8164988991510,-0.3025142,-0.79186934,0.5304978,0.0,-0.86144394,-0.011051893,-0.5077323,0.0,0.40792066,-0.61059046,-0.6788075,0.0,-0.38926023,0.36771408,-0.018084794,1.0
8164990991552,-0.32783914,-0.7780411,0.53588575,0.0,-0.83950305,-0.02024579,-0.54297763,0.0,0.4333083,-0.62788707,-0.6465306,0.0,-0.35300696,0.36319125,-0.01334757,1.0
8164992991592,-0.33102894,-0.76255894,0.5558092,0.0,-0.8500116,-0.014800787,-0.52655613,0.0,0.40975648,-0.6467495,-0.64328456,0.0,-0.31737366,0.36093184,-0.013330158,1.0
8164994991635,-0.34914076,-0.7510399,0.5603926,0.0,-0.8449109,-0.0063170195,-0.5348698,0.0,0.40524852,-0.6602266,-0.6323564,0.0,-0.28356737,0.35889673,-0.019487608,1.0
8164996991676,-0.34298718,-0.75669885,0.55656695,0.0,-0.8506917,-0.001045227,-0.525664,0.0,0.39835104,-0.6537628,-0.64335895,0.0,-0.2594124,0.35979244,-0.026572032,1.0
8164998991717,-0.35472035,-0.7758852,0.52170473,0.0,-0.83264995,0.008339584,-0.553737,0.0,0.42528546,-0.63081914,-0.648999,0.0,-0.22223195,0.36433586,-0.031494293,1.0
8165000991758,-0.39157772,-0.7688901,0.5054455,0.0,-0.80007535,0.013198733,-0.5997545,0.0,0.45447397,-0.63924485,-0.6203383,0.0,-0.16917841,0.3634805,-0.031427942,1.0
8165002991800,-0.42273378,-0.7580018,0.49671853,0.0,-0.77285683,0.015298963,-0.6343959,0.0,0.473274,-0.65207297,-0.5922942,0.0,-0.11418134,0.35688353,-0.0315949,1.0
8165004991841,-0.4481963,-0.75251216,0.48254108,0.0,-0.74678737,0.018485904,-0.66480607,0.0,0.49135435,-0.65831906,-0.57025194,0.0,-0.06499018,0.3560111,-0.04352092,1.0
8165006991883,-0.45904493,-0.74742275,0.48024774,0.0,-0.73318726,0.013443232,-0.67989427,0.0,0.5017121,-0.6642131,-0.55417204,0.0,-0.012082532,0.3510588,-0.061797038,1.0
8165008991923,-0.45963585,-0.7300465,0.5057346,0.0,-0.73924685,-0.0010887384,-0.67343396,0.0,0.49218854,-0.6833969,-0.53918433,0.0,0.059447512,0.34288192,-0.08283061,1.0
8165010991964,-0.46624684,-0.7062636,0.53273404,0.0,-0.7466956,-0.008752227,-0.6651084,0.0,0.47440445,-0.70789486,-0.52328324,0.0,0.15077615,0.3391004,-0.10407585,1.0
8165012992005,-0.46021342,-0.69100505,0.55741906,0.0,-0.76320475,-0.012839675,-0.6460295,0.0,0.45356652,-0.7227361,-0.5214695,0.0,0.24464452,0.34475452,-0.11357543,1.0
8165014992047,-0.45404387,-0.66539747,0.59252816,0.0,-0.7993148,0.010400236,-0.60082215,0.0,0.39362335,-0.7464165,-0.5365839,0.0,0.3266545,0.34326163,-0.106303215,1.0
8165016992088,-0.38555598,-0.67803943,0.62578696,0.0,-0.8610015,0.020570695,-0.50818634,0.0,0.3316974,-0.73473775,-0.5917243,0.0,0.40117157,0.33807084,-0.051205456,1.0
8165018992131,-0.2446891,-0.68116105,0.69003415,0.0,-0.93926704,-0.0101008415,-0.34303892,0.0,0.24063459,-0.7320641,-0.6373205,0.0,0.4751983,0.33520803,0.039770424,1.0
8165020992171,-0.15463853,-0.70635533,0.6907598,0.0,-0.9774902,0.00781548,-0.21083605,0.0,0.14352655,-0.7078143,-0.691664,0.0,0.5266041,0.35085708,0.114956126,1.0
8165022992212,-0.11544371,-0.73041785,0.67317337,0.0,-0.9899347,0.028746545,-0.13857478,0.0,0.081866145,-0.6823953,-0.7263845,0.0,0.5492398,0.35261852,0.16416147,1.0
8165024992253,-0.11064851,-0.7279824,0.6766083,0.0,-0.99128866,0.03190112,-0.12778586,0.0,0.07144126,-0.6848534,-0.7251706,0.0,0.559517,0.35284,0.19049732,1.0
8165026992295,-0.118044734,-0.7288585,0.67441154,0.0,-0.990044,0.03394556,-0.13660482,0.0,0.076672226,-0.6838225,-0.72560906,0.0,0.5672109,0.35279372,0.20346588,1.0
8165028992336,-0.13351238,-0.7381618,0.66128016,0.0,-0.9858291,0.030539453,-0.16494888,0.0,0.10156387,-0.673932,-0.73177874,0.0,0.57691294,0.35354605,0.20530859,1.0
8165030992377,-0.19805586,-0.7605425,0.6183438,0.0,-0.96072483,0.025524437,-0.27632648,0.0,0.19437516,-0.6487863,-0.7357273,0.0,0.5982126,0.3591473,0.1882161,1.0
8165032992419,-0.28848577,-0.77999926,0.5553166,0.0,-0.8983989,0.019926846,-0.43872768,0.0,0.3311418,-0.6254627,-0.70649886,0.0,0.6161574,0.3655743,0.14686184,1.0
8165034992460,-0.35989404,-0.8091174,0.46454832,0.0,-0.80757076,0.020804882,-0.58940345,0.0,0.46723178,-0.58727854,-0.66090703,0.0,0.6125965,0.3755558,0.085617706,1.0
8165036992502,-0.41549873,-0.81685096,0.40014392,0.0,-0.7188377,0.025328636,-0.69471633,0.0,0.5573447,-0.5762924,-0.5977073,0.0,0.5808716,0.3928206,0.0057894588,1.0
8165038992550,-0.4829831,-0.7879382,0.38194335,0.0,-0.65827674,0.039098024,-0.75176,0.0,0.5774072,-0.6145117,-0.537565,0.0,0.5507747,0.3884511,-0.06705606,1.0
8165040992605,-0.50409794,-0.77117556,0.38881007,0.0,-0.6332858,0.023957253,-0.77354705,0.0,0.5872258,-0.63617146,-0.5004513,0.0,0.5330869,0.3794701,-0.11354533,1.0
8165042992660,-0.51483774,-0.7610988,0.39455158,0.0,-0.6246478,0.017822146,-0.7807033,0.0,0.5871605,-0.64839125,-0.48459423,0.0,0.5254447,0.37200373,-0.1327452,1.0
8165044992716,-0.52513146,-0.7616567,0.3796259,0.0,-0.60583,0.021296501,-0.795309,0.0,0.5976678,-0.64763063,-0.47261786,0.0,0.52326965,0.37112662,-0.1403403,1.0
8165046992771,-0.5491569,-0.7464907,0.37573802,0.0,-0.58595705,0.023352087,-0.81000584,0.0,0.5958873,-0.6649863,-0.4502356,0.0,0.5258358,0.3663624,-0.14455542,1.0
8165048992826,-0.58548486,-0.7371129,0.33744994,0.0,-0.52574146,0.028385699,-0.85017073,0.0,0.61709297,-0.6751734,-0.40415025,0.0,0.5373871,0.36479592,-0.14111337,1.0
8165050992882,-0.6173394,-0.7372239,0.27457702,0.0,-0.4334858,0.027516007,-0.9007401,0.0,0.656492,-0.67508775,-0.33656275,0.0,0.5509457,0.3644995,-0.13179094,1.0
8165052992936,-0.65230227,-0.74227107,0.15341315,0.0,-0.25210175,0.021589756,-0.9674599,0.0,0.71480525,-0.669752,-0.20121098,0.0,0.5717869,0.36485726,-0.107699014,1.0
8165054992992,-0.6663687,-0.74417436,0.04644212,0.0,-0.08570287,0.01457119,-0.99621403,0.0,0.74068034,-0.6678263,-0.07348752,0.0,0.5826566,0.36258745,-0.086147234,1.0
8165056993048,-0.65522623,-0.75351524,-0.053786814,0.0,0.07267758,0.007992685,-0.9973234,0.0,0.7519284,-0.65738165,0.04952675,0.0,0.58659196,0.36531067,-0.059148237,1.0
8165058993102,-0.5918541,-0.79012525,-0.15940848,0.0,0.25326145,0.005461335,-0.96738255,0.0,0.76522386,-0.61292124,0.19687581,0.0,0.58704513,0.3749755,-0.028264567,1.0
8165060993159,-0.48509502,-0.84564805,-0.22262648,0.0,0.4060942,0.0076173544,-0.91379964,0.0,0.77444863,-0.5336869,0.33971733,0.0,0.5854013,0.3896534,0.0007264018,1.0
8165062993214,-0.3453939,-0.91440463,-0.21110904,0.0,0.47796965,0.022185206,-0.878096,0.0,0.8076186,-0.40419278,0.4293952,0.0,0.580968,0.41226405,0.018407643,1.0
8165064993268,-0.14291859,-0.9815682,-0.12687582,0.0,0.51646817,0.03539121,-0.85557437,0.0,0.84429514,-0.18780515,0.5018911,0.0,0.5663719,0.44609737,0.026674569,1.0
8165066993323,0.07464945,-0.997156,-0.010362476,0.0,0.5450132,0.049498737,-0.8369651,0.0,0.8350977,0.05683133,0.54715824,0.0,0.5422628,0.47794083,0.025043264,1.0
8165068993379,0.23291433,-0.96829057,0.09035596,0.0,0.54956806,0.05439973,-0.83367586,0.0,0.80232525,0.24383172,0.54481214,0.0,0.52343196,0.49699193,0.017669529,1.0
8165070993435,0.26216048,-0.9583971,0.11290282,0.0,0.5631431,0.056925416,-0.82439643,0.0,0.78367203,0.27970463,0.5546382,0.0,0.5186074,0.4994705,0.01632543,1.0
8165072993490,0.24820411,-0.96185946,0.11498362,0.0,0.59001267,0.05596423,-0.8054522,0.0,0.7682967,0.2677584,0.58139974,0.0,0.522491,0.49718523,0.021213695,1.0
8165074993545,0.20600164,-0.9746475,0.087323755,0.0,0.6058028,0.056942165,-0.79357445,0.0,0.76848304,0.21637857,0.6021745,0.0,0.5310331,0.49201983,0.027391046,1.0
8165076993600,0.165847,-0.9852418,0.042348623,0.0,0.64083576,0.075033605,-0.7640023,0.0,0.74954945,0.153846,0.6438222,0.0,0.53435004,0.48570234,0.03391604,1.0
8165078993655,0.10478437,-0.99446005,-0.008345485,0.0,0.6718574,0.07697439,-0.73667,0.0,0.73323125,0.07158461,0.67620087,0.0,0.539162,0.47673106,0.037760004,1.0
8165080993711,0.034637153,-0.9972322,-0.06578988,0.0,0.7090317,0.070913434,-0.701602,0.0,0.70432544,-0.022345603,0.70952547,0.0,0.54506993,0.466078,0.04267083,1.0
8165082993767,-0.007016897,-0.99256974,-0.12147415,0.0,0.71419674,0.08005071,-0.6953523,0.0,0.69990975,-0.091635674,0.7083285,0.0,0.55212694,0.45921105,0.04377474,1.0
8165084993821,-0.08628321,-0.9763357,-0.19830275,0.0,0.73418194,0.07223582,-0.67509925,0.0,0.673448,-0.20384,0.71057516,0.0,0.5585314,0.44436616,0.049457997,1.0
8165086993878,-0.13443708,-0.9546846,-0.26552558,0.0,0.7581446,0.07344937,-0.64793664,0.0,0.63807786,-0.28841352,0.71391475,0.0,0.56203413,0.43253517,0.056767166,1.0
8165088993932,-0.14393961,-0.9412159,-0.3056047,0.0,0.79145944,0.075885534,-0.6064928,0.0,0.59403163,-0.32917196,0.7340111,0.0,0.5638065,0.42805907,0.067894936,1.0
8165090993989,-0.14739549,-0.93119985,-0.33337897,0.0,0.8045258,0.0831877,-0.58806306,0.0,0.57533723,-0.35488975,0.7369127,0.0,0.5663912,0.4275922,0.08614351,1.0
8165092994044,-0.1395247,-0.9259771,-0.35085505,0.0,0.82047,0.09027016,-0.56451786,0.0,0.55440235,-0.36663026,0.7471414,0.0,0.5712501,0.42034233,0.12430379,1.0
8165094994100,-0.15818858,-0.91784257,-0.36406198,0.0,0.8262715,0.07881719,-0.5577304,0.0,0.54060304,-0.3890407,0.74591935,0.0,0.57212913,0.42041487,0.1706758,1.0
8165096994156,-0.25835896,-0.9011742,-0.34804556,0.0,0.8030908,-0.000111460686,-0.5958565,0.0,0.53693175,-0.43345705,0.7237536,0.0,0.5815827,0.41179663,0.21301338,1.0
8165098994197,-0.3666408,-0.8668127,-0.33795094,0.0,0.7544608,-0.06446135,-0.6531724,0.0,0.5443933,-0.49445012,0.6776099,0.0,0.5869893,0.38762268,0.2381041,1.0
8165100994226,-0.35958004,-0.8654227,-0.34892014,0.0,0.7531481,-0.048418164,-0.65606654,0.0,0.5508809,-0.49869713,0.66920197,0.0,0.58580935,0.3907081,0.2603292,1.0
8165102994253,-0.33508658,-0.86843073,-0.36543834,0.0,0.77011645,-0.02899754,-0.63724405,0.0,0.5428055,-0.49496192,0.67850935,0.0,0.5859717,0.393906,0.2792155,1.0
8165104994283,-0.32348597,-0.86822516,-0.37622076,0.0,0.77790684,-0.017651677,-0.6281318,0.0,0.5387189,-0.49585646,0.68110824,0.0,0.5876018,0.39464894,0.2908055,1.0
8165106994310,-0.22429574,-0.9058442,-0.35935703,0.0,0.8000239,0.039405465,-0.59867245,0.0,0.5564647,-0.42177397,0.71585876,0.0,0.5783644,0.41382197,0.3085283,1.0
8165108994339,-0.17075133,-0.93212116,-0.31936562,0.0,0.79508567,0.061094224,-0.60341233,0.0,0.5819648,-0.35695633,0.73068404,0.0,0.57027096,0.4265073,0.33212888,1.0
8165110994369,-0.16225183,-0.91939515,-0.3583109,0.0,0.8308645,0.068589926,-0.5522314,0.0,0.5322954,-0.38730845,0.75276405,0.0,0.56133515,0.4184028,0.37186503,1.0
8165112994397,-0.11336899,-0.8970731,-0.42709172,0.0,0.90718263,0.08183831,-0.41270116,0.0,0.40517557,-0.4342377,0.80453116,0.0,0.5468278,0.41299695,0.42243388,1.0
8165114994425,-0.05105138,-0.87284726,-0.485316,0.0,0.9703378,0.071629286,-0.23089808,0.0,0.23630163,-0.4827081,0.84329975,0.0,0.5351158,0.4026241,0.47429565,1.0
8165116994453,0.0036942959,-0.85254896,-0.5226343,0.0,0.9968158,0.044769168,-0.06598376,0.0,0.079652324,-0.5207264,0.8499997,0.0,0.53133804,0.39362323,0.5249428,1.0
8165118994481,0.058094144,-0.8377865,-0.5428984,0.0,0.99802893,0.035812557,0.05153145,0.0,-0.023729831,-0.5448221,0.8382158,0.0,0.541671,0.39308816,0.58654845,1.0
8165120994509,0.1229468,-0.8189551,-0.5605321,0.0,0.9865958,0.039797127,0.15825444,0.0,-0.1072959,-0.57247555,0.812871,0.0,0.54834664,0.3900375,0.64092433,1.0
8165122994539,0.14741182,-0.79954207,-0.58223933,0.0,0.9781134,0.030443192,0.20583445,0.0,-0.14684792,-0.59983844,0.78653014,0.0,0.56139636,0.39067197,0.66218555,1.0
8165124994567,0.12322503,-0.7892842,-0.6015364,0.0,0.9806808,0.004054606,0.19557285,0.0,-0.15192361,-0.6140146,0.77453554,0.0,0.57882893,0.38298982,0.67169654,1.0
8165126994596,0.09205449,-0.78183746,-0.61664903,0.0,0.9856671,-0.016376019,0.16790496,0.0,-0.1413727,-0.62326705,0.76912415,0.0,0.5852375,0.37638378,0.654637,1.0
8165128994623,0.050852895,-0.7749768,-0.6299406,0.0,0.9912538,-0.037745953,0.12645695,0.0,-0.121778786,-0.63086164,0.766279,0.0,0.58620274,0.3681798,0.6139178,1.0
8165130994654,0.023978174,-0.77321285,-0.6336932,0.0,0.99688715,-0.029129744,0.07326427,0.0,-0.07510814,-0.63347733,0.77010727,0.0,0.58592975,0.3604334,0.5600216,1.0
8165132994681,0.008756578,-0.7748005,-0.63214517,0.0,0.9989422,-0.021760702,0.040508926,0.0,-0.045142323,-0.63183117,0.77379036,0.0,0.58725387,0.35800043,0.51000214,1.0
8165134994711,0.020454526,-0.77995926,-0.62549615,0.0,0.9987137,-0.013094544,0.048987478,0.0,-0.04639882,-0.62569344,0.77868795,0.0,0.59858304,0.3691203,0.46885803,1.0
8165136994740,0.040922523,-0.7874473,-0.6150222,0.0,0.99671644,-0.010871768,0.080239564,0.0,-0.06987074,-0.6162863,0.78441656,0.0,0.6344831,0.37615037,0.43083286,1.0
8165138994767,0.07709515,-0.80272406,-0.5913459,0.0,0.99137634,-0.0013183355,0.13103756,0.0,-0.10596678,-0.59634876,0.7957004,0.0,0.7057903,0.37991965,0.38779268,1.0
8165140994795,0.12213093,-0.82479995,-0.5520767,0.0,0.9791098,0.009014964,0.2031312,0.0,-0.16256574,-0.56535244,0.8086711,0.0,0.7970334,0.36856887,0.3431518,1.0
8165142994825,0.13743907,-0.85851973,-0.4940185,0.0,0.9693721,0.014094591,0.24519147,0.0,-0.20353879,-0.51258665,0.83416235,0.0,0.873034,0.37616554,0.3065916,1.0
8165144994854,0.16916108,-0.8243756,-0.5401754,0.0,0.9588829,0.010937691,0.28359118,0.0,-0.2278774,-0.5659375,0.7923299,0.0,0.9241554,0.3755145,0.2726192,1.0
8165146994882,0.17779595,-0.7988191,-0.574697,0.0,0.95827204,0.007704973,0.28575408,0.0,-0.22383776,-0.60152197,0.76685596,0.0,0.9565275,0.36820668,0.24714172,1.0
8165148994910,0.19330448,-0.8103819,-0.5530954,0.0,0.9470005,0.006695807,0.32116205,0.0,-0.2565605,-0.5858637,0.76872647,0.0,0.9647373,0.37537587,0.23799068,1.0
8165150994939,0.21479243,-0.81235325,-0.5421684,0.0,0.9335078,0.007577181,0.3584773,0.0,-0.28710198,-0.5831166,0.7599655,0.0,0.9629756,0.37850547,0.23476425,1.0
8165152994968,0.23888302,-0.8262284,-0.51017797,0.0,0.90913737,0.005700767,0.4164573,0.0,-0.34118044,-0.56330645,0.7525169,0.0,0.9560963,0.38441098,0.23258081,1.0
8165154994996,0.21668398,-0.89631903,-0.38685957,0.0,0.8691139,-0.0033669472,0.49460056,0.0,-0.44462237,-0.44339707,0.7782737,0.0,0.94572467,0.40813196,0.2273367,1.0
8165156995025,0.09096444,-0.98348534,-0.1564668,0.0,0.79391205,-0.023233294,0.6075884,0.0,-0.6011896,-0.17948976,0.77868766,0.0,0.93657434,0.45115042,0.20951807,1.0
8165158995058,0.009672344,-0.9994733,-0.030980378,0.0,0.74761957,-0.013346553,0.66399324,0.0,-0.6640569,-0.029583931,0.74709654,0.0,0.9377126,0.46511698,0.17449632,1.0
8165160995095,0.024653554,-0.9995419,-0.017550796,0.0,0.70220435,0.0048186183,0.71195906,0.0,-0.71154845,-0.02987653,0.7020016,0.0,0.9283354,0.45978415,0.15417409,1.0
8165162995133,0.0469324,-0.99842644,-0.030692667,0.0,0.68793046,0.010028124,0.7257073,0.0,-0.72425747,-0.055173635,0.6873186,0.0,0.9187208,0.4530395,0.15140772,1.0
8165164995172,0.09684938,-0.99369276,-0.056521356,0.0,0.65793097,0.021306694,0.7527765,0.0,-0.7468244,-0.11009297,0.65584505,0.0,0.9034187,0.44447768,0.15385726,1.0
8165166995210,0.20085704,-0.97051084,-0.13328597,0.0,0.6410068,0.02731949,0.76704895,0.0,-0.740788,-0.23950449,0.6275913,0.0,0.8833787,0.42739427,0.1626477,1.0
8165168995247,0.24843049,-0.95174134,-0.18019575,0.0,0.6646768,0.032173753,0.74643785,0.0,-0.7046183,-0.30520982,0.6405934,0.0,0.8648495,0.4208176,0.17398226,1.0
8165170995285,0.27781826,-0.9394995,-0.2003935,0.0,0.6459514,0.028298259,0.76285374,0.0,-0.71103,-0.34137917,0.61473286,0.0,0.82160634,0.41401425,0.19010055,1.0
8165172995324,0.29163688,-0.9368636,-0.1929627,0.0,0.6284595,0.03559172,0.7770277,0.0,-0.72110105,-0.3478792,0.59916055,0.0,0.7590237,0.4119682,0.19936055,1.0
8165174995361,0.3051309,-0.932643,-0.1925407,0.0,0.61748475,0.039842665,0.7855729,0.0,-0.7249879,-0.35859343,0.58805025,0.0,0.6825401,0.41909206,0.20578729,1.0
8165176995400,0.31753844,-0.93094456,-0.18031022,0.0,0.5901215,0.045166135,0.80605024,0.0,-0.742244,-0.36235696,0.5637122,0.0,0.60861653,0.41119605,0.21487346,1.0
8165178995436,0.32001507,-0.93469554,-0.15470803,0.0,0.5278941,0.040320218,0.8483525,0.0,-0.7867135,-0.35315496,0.50632334,0.0,0.54024655,0.4132305,0.23268908,1.0
8165180995475,0.33624572,-0.9329647,-0.12851459,0.0,0.4366022,0.033513546,0.8990305,0.0,-0.8344565,-0.35840505,0.41860294,0.0,0.46566367,0.40069872,0.27166933,1.0
8165182995514,0.37316036,-0.9198169,-0.12119526,0.0,0.36129564,0.023753822,0.93214875,0.0,-0.8545273,-0.39162832,0.3411898,0.0,0.38784224,0.3973168,0.34041205,1.0
8165184995550,0.3879022,-0.9157847,-0.1042597,0.0,0.31118438,0.023648143,0.95005524,0.0,-0.86758065,-0.4009725,0.29415113,0.0,0.31025195,0.40685424,0.421439,1.0
8165186995588,0.39636528,-0.9129684,-0.096866935,0.0,0.27130902,0.015680969,0.9623645,0.0,-0.8770895,-0.40772873,0.25391203,0.0,0.23482522,0.4073462,0.48464766,1.0
8165188995626,0.40947336,-0.90774274,-0.0912936,0.0,0.25388098,0.017261744,0.9670813,0.0,-0.8762853,-0.4191717,0.23752695,0.0,0.16082893,0.40214038,0.5328065,1.0
8165190995664,0.3601488,-0.9296316,-0.07796076,0.0,0.25796247,0.018929243,0.96596944,0.0,-0.89652,-0.3680036,0.24662745,0.0,0.08825636,0.40276325,0.5677435,1.0
8165192995702,0.21059686,-0.97710717,-0.030172527,0.0,0.21741351,0.016722977,0.97593623,0.0,-0.95308983,-0.212089,0.21595818,0.0,0.009775102,0.43388796,0.584325,1.0
8165194995740,0.004279375,-0.9999692,0.0066122115,0.0,0.16798598,0.007237017,0.9857631,0.0,-0.98578036,-0.0031078756,0.16801149,0.0,-0.06198466,0.46394795,0.5962449,1.0
8165196995780,-0.08002007,-0.99678564,0.0039488375,0.0,0.104507655,-0.004450083,0.99451435,0.0,-0.99129987,0.079993516,0.10452759,0.0,-0.13022089,0.47142005,0.6053717,1.0
8165198995817,-0.08631611,-0.99625164,-0.005687386,0.0,-0.0028412342,-0.0054626465,0.9999811,0.0,-0.99626386,0.08633059,-0.0023591518,0.0,-0.20211685,0.47008878,0.60917175,1.0
8165200995854,-0.08074045,-0.9967264,-0.004164964,0.0,-0.09312126,0.0033829212,0.995649,0.0,-0.9923756,0.08077702,-0.09308958,0.0,-0.27115297,0.46342283,0.6233057,1.0
8165202995892,-0.05668938,-0.99838936,0.0021509528,0.0,-0.15184769,0.010751486,0.98834527,0.0,-0.9867767,0.05570221,-0.1522125,0.0,-0.3407563,0.47254586,0.65366656,1.0
8165204995931,-0.04467261,-0.9987525,0.022316337,0.0,-0.1932882,0.030557513,0.98066616,0.0,-0.9801246,0.03949535,-0.19441223,0.0,-0.40362477,0.47626793,0.67941785,1.0
8165206995969,-0.026681066,-0.99906373,0.03404966,0.0,-0.22624102,0.03921318,0.9732815,0.0,-0.97370565,0.018265009,-0.22707534,0.0,-0.46334457,0.47009417,0.69439614,1.0
8165208996006,0.009063363,-0.9990027,0.043724895,0.0,-0.25180316,0.040037274,0.9669501,0.0,-0.96773624,-0.01977402,-0.25118923,0.0,-0.53086925,0.46566463,0.6950208,1.0
8165210996043,0.03382659,-0.9981517,0.05048904,0.0,-0.23899776,0.040973306,0.97015536,0.0,-0.97043085,-0.044883966,-0.23717022,0.0,-0.60325766,0.4537884,0.68291116,1.0
8165212996082,0.10736132,-0.99219227,0.06346589,0.0,-0.17788553,0.04363489,0.98308325,0.0,-0.978177,-0.11683476,-0.17181194,0.0,-0.6777743,0.44134438,0.6568979,1.0
8165214996120,0.16565806,-0.9844496,0.05844924,0.0,-0.17537782,0.028915346,0.98407656,0.0,-0.9704639,-0.173271,-0.16786063,0.0,-0.7476927,0.44076282,0.6248498,1.0
8165216996157,0.1703096,-0.98365855,0.058401763,0.0,-0.1902344,0.0253312,0.98141205,0.0,-0.96685356,-0.17825404,-0.18281162,0.0,-0.8040441,0.43610525,0.59488446,1.0
8165218996197,0.18591803,-0.9810019,0.055405438,0.0,-0.18484455,0.020461619,0.9825548,0.0,-0.9650218,-0.19291613,-0.17752874,0.0,-0.8463115,0.43441704,0.57890487,1.0
8165220996236,0.28580898,-0.9546218,0.08372831,0.0,-0.19864237,0.026456714,0.9797149,0.0,-0.93747234,-0.29664326,-0.18206668,0.0,-0.8885579,0.42048174,0.5745834,1.0
8165222996277,0.39315522,-0.9118646,0.11803448,0.0,-0.21827847,0.03214109,0.9753573,0.0,-0.8931874,-0.40923122,-0.18640399,0.0,-0.9320343,0.40148833,0.5871123,1.0
8165224996317,0.42447037,-0.8891033,0.1712305,0.0,-0.2961503,0.042381406,0.9542003,0.0,-0.8556399,-0.45573956,-0.24531841,0.0,-0.9849473,0.39576757,0.61147404,1.0
8165226996357,0.30318022,-0.9265413,0.2227171,0.0,-0.5004573,0.044078946,0.86463845,0.0,-0.8109403,-0.3736017,-0.4503305,0.0,-1.0396886,0.41565585,0.6299228,1.0
8165228996398,0.15102547,-0.9674797,0.20291436,0.0,-0.6419916,0.06009549,0.76435286,0.0,-0.75169015,-0.24570602,-0.6120379,0.0,-1.0861709,0.44135553,0.6657479,1.0
8165230996438,0.06831801,-0.98771685,0.14052835,0.0,-0.7149567,0.049770594,0.6973951,0.0,-0.69582295,-0.14811638,-0.7027745,0.0,-1.1281201,0.44935232,0.7054934,1.0
8165232996478,0.030602694,-0.9910943,0.12959757,0.0,-0.745061,0.06381202,0.66393685,0.0,-0.66629386,-0.116876364,-0.73647285,0.0,-1.1661249,0.45356688,0.7300154,1.0
8165234996518,0.020455718,-0.99217933,0.12313342,0.0,-0.75251764,0.06580758,0.65527606,0.0,-0.65825444,-0.10606426,-0.74528635,0.0,-1.2154436,0.4478897,0.73590815,1.0
8165236996559,0.041071773,-0.984221,0.17211032,0.0,-0.74931026,0.08360666,0.6569201,0.0,-0.6609441,-0.1559448,-0.7340529,0.0,-1.2719189,0.43559217,0.7213511,1.0
8165238996603,0.07690865,-0.96197903,0.26207128,0.0,-0.7649597,0.11165202,0.63432676,0.0,-0.63946986,-0.24925917,-0.72728825,0.0,-1.3355957,0.4333555,0.7037174,1.0
8165240996643,0.079410136,-0.93027246,0.35817194,0.0,-0.8478619,0.12592691,0.5150463,0.0,-0.52423686,-0.34458017,-0.7787427,0.0,-1.3887172,0.4152668,0.68173516,1.0
8165242996683,0.003242612,-0.8937441,0.44856542,0.0,-0.96078193,0.12159777,0.24922287,0.0,-0.27728605,-0.4317817,-0.8582989,0.0,-1.4075285,0.40294072,0.66752833,1.0
8165244996725,-0.08629072,-0.8759107,0.47469375,0.0,-0.9950128,0.099698365,0.0030889064,0.0,-0.05003175,-0.47205985,-0.8801453,0.0,-1.4202849,0.39939672,0.6875622,1.0
8165246996765,-0.17358482,-0.87378347,0.45428067,0.0,-0.9783772,0.10033214,-0.18086334,0.0,0.112456396,-0.47585297,-0.8723061,0.0,-1.4475924,0.4013581,0.73857045,1.0
8165248996805,-0.20250726,-0.872274,0.4451171,0.0,-0.95520824,0.07578224,-0.28606737,0.0,0.2157971,-0.48311013,-0.8485497,0.0,-1.4887648,0.40338525,0.796219,1.0
8165250996843,-0.18547368,-0.8662159,0.46397167,0.0,-0.95323414,0.043940663,-0.2990218,0.0,0.23863012,-0.49773428,-0.83385634,0.0,-1.5151644,0.40480843,0.84424746,1.0
8165252996885,-0.15661752,-0.8563475,0.4920773,0.0,-0.96612054,0.02935028,-0.2564174,0.0,0.20513968,-0.5155654,-0.8319317,0.0,-1.5203912,0.401693,0.8870064,1.0
8165254996925,-0.1337992,-0.85961914,0.49310553,0.0,-0.97531617,0.026024044,-0.21927467,0.0,0.17566001,-0.5102725,-0.84188247,0.0,-1.509459,0.4003653,0.93564343,1.0
8165256996966,-0.11358404,-0.85573834,0.50478774,0.0,-0.9797105,0.012028515,-0.20005667,0.0,0.16512431,-0.5172691,-0.83974206,0.0,-1.4893714,0.39250708,0.98587763,1.0
8165258997005,-0.08222246,-0.8544895,0.5129201,0.0,-0.98548836,-0.0069764853,-0.16959912,0.0,0.14849912,-0.5194217,-0.8415158,0.0,-1.474264,0.3802191,1.0383062,1.0
8165260997047,-0.063111424,-0.8464248,0.5287554,0.0,-0.9903132,-0.012545705,-0.13828483,0.0,0.12368123,-0.5323608,-0.8374338,0.0,-1.4684947,0.37350076,1.0865891,1.0
8165262997087,-0.0754658,-0.8521738,0.51778805,0.0,-0.991716,0.010014713,-0.12805739,0.0,0.10394174,-0.5231627,-0.84587026,0.0,-1.4686121,0.37409905,1.126932,1.0
8165264997128,-0.081600904,-0.89821494,0.43191564,0.0,-0.99000907,0.023049653,-0.13910618,0.0,0.114991784,-0.43895164,-0.89112186,0.0,-1.4690983,0.39053324,1.1547889,1.0
8165266997169,-0.08004153,-0.95085233,0.29912058,0.0,-0.987279,0.034265637,-0.1552612,0.0,0.13738093,-0.30774283,-0.94149923,0.0,-1.4658308,0.41327488,1.1700922,1.0
8165268997209,-0.07207942,-0.9683107,0.23912081,0.0,-0.986225,0.03340769,-0.16199996,0.0,0.14887783,-0.2475038,-0.9573803,0.0,-1.463199,0.421456,1.1735237,1.0
8165270997249,-0.07270253,-0.96783584,0.24084869,0.0,-0.9839023,0.030071914,-0.17615874,0.0,0.16324997,-0.24977879,-0.95444226,0.0,-1.4621423,0.4193948,1.1664636,1.0
8165272997290,-0.08200467,-0.9631217,0.25626564,0.0,-0.9795154,0.030435503,-0.1990567,0.0,0.18391618,-0.26733965,-0.9458885,0.0,-1.4653542,0.41729125,1.1493244,1.0
8165274997330,-0.124752164,-0.9549215,0.26937154,0.0,-0.96051824,0.048188984,-0.27401078,0.0,0.24867824,-0.29291987,-0.9232311,0.0,-1.4720833,0.4134519,1.1189716,1.0
8165276997373,-0.18253148,-0.9457804,0.2686671,0.0,-0.9128289,0.06149727,-0.40368515,0.0,0.36527514,-0.31893224,-0.87456083,0.0,-1.4925375,0.40852684,1.073428,1.0
8165278997389,-0.26380432,-0.9377042,0.22609419,0.0,-0.81258106,0.08974576,-0.5758976,0.0,0.5197304,-0.33564398,-0.78563607,0.0,-1.5291324,0.41238558,1.0107841,1.0
8165280997384,-0.31650996,-0.92851037,0.19413786,0.0,-0.7217259,0.10290563,-0.68448657,0.0,0.61557513,-0.35676128,-0.7027005,0.0,-1.5864314,0.41821414,0.9473742,1.0
8165282997380,-0.34825158,-0.9212535,0.17324099,0.0,-0.655333,0.107123494,-0.74770516,0.0,0.67026794,-0.37392026,-0.64103353,0.0,-1.6342206,0.41618538,0.8884246,1.0
8165284997375,-0.3559848,-0.9216385,0.15445933,0.0,-0.60264397,0.10008812,-0.7917088,0.0,0.7142097,-0.37492013,-0.5910498,0.0,-1.6621896,0.4084516,0.8287244,1.0
8165286997369,-0.37148094,-0.92114353,0.11617598,0.0,-0.57912946,0.13209248,-0.8044631,0.0,0.7256799,-0.3661235,-0.5825312,0.0,-1.6711323,0.40401492,0.76273507,1.0
8165288997364,-0.4175477,-0.90547985,0.07589486,0.0,-0.5671378,0.1944443,-0.80034125,0.0,0.70993555,-0.3772236,-0.59472156,0.0,-1.6736876,0.4130389,0.68231446,1.0
8165290997359,-0.39130354,-0.9194075,0.039638072,0.0,-0.51680636,0.18390793,-0.83611536,0.0,0.761441,-0.3476602,-0.5471194,0.0,-1.6790504,0.41999608,0.6155986,1.0
8165292997353,-0.3296888,-0.94301605,0.045016557,0.0,-0.46175647,0.11947799,-0.87892336,0.0,0.8234602,-0.31055766,-0.47483444,0.0,-1.6897607,0.4289646,0.56251144,1.0
8165294997348,-0.2971233,-0.9525417,0.066198975,0.0,-0.41535184,0.066509545,-0.9072263,0.0,0.8597679,-0.29705384,-0.41540146,0.0,-1.7036844,0.43304187,0.51337475,1.0
8165296997343,-0.28769493,-0.95643467,0.049643815,0.0,-0.30706805,0.043018878,-0.9507148,0.0,0.90716094,-0.2887598,-0.306067,0.0,-1.714449,0.43492183,0.46921146,1.0
8165298997339,-0.29797292,-0.9545715,0.0023626387,0.0,-0.16707626,0.049716234,-0.98468983,0.0,0.93983924,-0.29380563,-0.17430043,0.0,-1.7333624,0.4373076,0.42019928,1.0
8165300997333,-0.30964494,-0.94932187,-0.05392441,0.0,0.05350694,0.0392254,-0.99779665,0.0,0.94934547,-0.311848,0.03864944,0.0,-1.748827,0.4388216,0.3850219,1.0
8165302997328,-0.31233156,-0.9372321,-0.15506396,0.0,0.34692842,0.039422512,-0.9370626,0.0,0.88435817,-0.34647048,0.31283975,0.0,-1.7622622,0.43286687,0.38224083,1.0
8165304997323,-0.31364667,-0.9300458,-0.19141796,0.0,0.4907301,0.013814211,-0.87120223,0.0,0.8129022,-0.36718407,0.45206857,0.0,-1.7787032,0.42793524,0.37635276,1.0
8165306997318,-0.29893935,-0.9296355,-0.2154372,0.0,0.57585275,0.0042855144,-0.81754225,0.0,0.7609396,-0.3684556,0.534052,0.0,-1.8001854,0.42768535,0.3854605,1.0
8165308997313,-0.2994964,-0.9275155,-0.22364572,0.0,0.5906794,0.003830433,-0.8068974,0.0,0.7492664,-0.3737656,0.5467168,0.0,-1.8223987,0.42754933,0.40356225,1.0
8165310997307,-0.31337178,-0.9179497,-0.24324068,0.0,0.5951506,0.009754181,-0.8035547,0.0,0.7399955,-0.39657646,0.543262,0.0,-1.8474152,0.42391282,0.4321826,1.0
8165312997302,-0.31625426,-0.9093375,-0.27034974,0.0,0.6072761,0.024887681,-0.79410124,0.0,0.72883433,-0.41531458,0.54434776,0.0,-1.8735297,0.4209866,0.46153444,1.0
8165314997297,-0.30878925,-0.90918076,-0.2793548,0.0,0.5955056,0.044209242,-0.8021336,0.0,0.7416346,-0.41404778,0.5277711,0.0,-1.8999684,0.40723976,0.48152706,1.0
8165316997293,-0.29860103,-0.9164558,-0.2663567,0.0,0.60003644,0.036751986,-0.7991278,0.0,0.7421546,-0.39844427,0.5389329,0.0,-1.9229721,0.41364926,0.496889,1.0
8165318997286,-0.27377987,-0.9233864,-0.26907694,0.0,0.6200587,0.04441011,-0.7832976,0.0,0.73523605,-0.38129455,0.56039494,0.0,-1.9371476,0.41407895,0.51249826,1.0
8165320997281,-0.2619958,-0.9223206,-0.28404766,0.0,0.64984095,0.04899758,-0.7584894,0.0,0.71348804,-0.38330674,0.58652437,0.0,-1.9441102,0.414464,0.52576727,1.0
8165322997276,-0.2546972,-0.9227874,-0.28912377,0.0,0.6614543,0.05185294,-0.74819076,0.0,0.705413,-0.38180432,0.597175,0.0,-1.9468004,0.41278172,0.5312173,1.0
8165324997272,-0.25760162,-0.9249536,-0.2794674,0.0,0.64162457,0.052511096,-0.7652192,0.0,0.72246736,-0.37643495,0.57994616,0.0,-1.9471858,0.41359857,0.5298292,1.0
8165326997267,-0.26278687,-0.9299273,-0.25725207,0.0,0.5972921,0.052603543,-0.80029696,0.0,0.7577503,-0.363962,0.5416145,0.0,-1.9442645,0.41559887,0.52580184,1.0
8165328997261,-0.30535293,-0.93856347,-0.16080526,0.0,0.32034054,0.057780445,-0.9455387,0.0,0.8967395,-0.3402354,0.2830165,0.0,-1.9359877,0.42074773,0.4831786,1.0
8165330997256,-0.33826923,-0.93937373,-0.056134403,0.0,0.010339618,0.05593717,-0.9983808,0.0,0.94099265,-0.33830187,-0.009209156,0.0,-1.9396342,0.42115375,0.436226,1.0
8165332997251,-0.34816456,-0.93736875,0.0110189915,0.0,-0.14014933,0.04042566,-0.9893048,0.0,0.92689794,-0.34598503,-0.14544642,0.0,-1.9445708,0.4190962,0.4077859,1.0
8165334997245,-0.35149503,-0.9354186,0.037986666,0.0,-0.21540853,0.041322112,-0.97564924,0.0,0.91107094,-0.35111865,-0.21602154,0.0,-1.9482675,0.4178945,0.39161104,1.0
8165336997240,-0.35260832,-0.93509614,0.035534978,0.0,-0.211936,0.04281473,-0.9763453,0.0,0.9114553,-0.35179853,-0.21327746,0.0,-1.9471927,0.41720602,0.38767892,1.0
8165338997283,-0.36083746,-0.9322588,0.026262939,0.0,-0.1949448,0.047856927,-0.97964585,0.0,0.9120267,-0.35861275,-0.19900751,0.0,-1.9436479,0.415577,0.38736033,1.0
8165340997369,-0.35326314,-0.9352454,0.022833169,0.0,-0.18846598,0.047238946,-0.98094296,0.0,0.91634375,-0.35083422,-0.19294977,0.0,-1.9429488,0.41695842,0.38665837,1.0
8165342997455,-0.3502369,-0.936343,0.024414241,0.0,-0.19850177,0.048725486,-0.97888863,0.0,0.9153859,-0.34768903,-0.20293128,0.0,-1.9433624,0.41726398,0.38392437,1.0
8165344997539,-0.33750784,-0.94086796,0.02926153,0.0,-0.23539263,0.054260373,-0.9703846,0.0,0.91141593,-0.33440027,-0.23978674,0.0,-1.9455957,0.41876915,0.3786071,1.0
8165346997626,-0.33590746,-0.94116485,0.03707245,0.0,-0.25399467,0.052610636,-0.9657735,0.0,0.90700185,-0.33382696,-0.25672293,0.0,-1.9462659,0.41842544,0.37625158,1.0
8165348997711,-0.26699054,-0.96347004,0.021002114,0.0,-0.18328553,0.0293715,-0.9826207,0.0,0.94610894,-0.26619998,-0.18443191,0.0,-1.9437437,0.4276871,0.3866577,1.0
8165350997796,-0.13297105,-0.99088216,-0.021707445,0.0,-0.01175794,0.023477435,-0.99965525,0.0,0.99105024,-0.13267004,-0.014772534,0.0,-1.9468527,0.4476949,0.4113074,1.0
8165352997882,-0.11748767,-0.9914383,-0.05697897,0.0,0.16682214,0.036857307,-0.98529786,0.0,0.9789622,-0.12526578,0.16106361,0.0,-1.946461,0.4489175,0.43699673,1.0
8165354997968,-0.1320976,-0.98827493,-0.07657054,0.0,0.2280654,0.044872522,-0.9726113,0.0,0.96464324,-0.14594269,0.2194637,0.0,-1.9459136,0.4465713,0.44721627,1.0
8165356998053,-0.14067912,-0.9864136,-0.084837765,0.0,0.2500666,0.04750979,-0.96706223,0.0,0.95795405,-0.15726063,0.23998559,0.0,-1.9456462,0.44502133,0.45137933,1.0
8165358998139,-0.15774179,-0.9828901,-0.0951041,0.0,0.26964653,0.049775958,-0.9616722,0.0,0.9499519,-0.17734018,0.25718105,0.0,-1.9461654,0.44233903,0.455913,1.0
8165360998225,-0.16290855,-0.9818051,-0.09756908,0.0,0.28327903,0.04818225,-0.9578265,0.0,0.94509995,-0.18367729,0.2702754,0.0,-1.947467,0.44185865,0.45878917,1.0
8165362998310,-0.18076575,-0.97793794,-0.104694515,0.0,0.2972231,0.04715377,-0.9536429,0.0,0.9375404,-0.20350367,0.2821421,0.0,-1.9460591,0.43882805,0.46194905,1.0
8165364998396,-0.18501091,-0.97731733,-0.1030601,0.0,0.30242637,0.0431602,-0.95219487,0.0,0.93504477,-0.20733482,0.28758168,0.0,-1.9447814,0.4386322,0.46430308,1.0
8165366998481,-0.18844795,-0.97687304,-0.101026714,0.0,0.29853097,0.041021943,-0.9535179,0.0,0.93561023,-0.20984808,0.2838964,0.0,-1.9429305,0.43856505,0.4659266,1.0
8165368998566,-0.19671965,-0.97442937,-0.10857698,0.0,0.30074525,0.04543197,-0.9526218,0.0,0.9331955,-0.2200534,0.28411752,0.0,-1.9426554,0.43762177,0.4681503,1.0
8165370998652,-0.20011914,-0.97396904,-0.10647327,0.0,0.30110782,0.04227507,-0.9526525,0.0,0.9323552,-0.222704,0.2848097,0.0,-1.9448133,0.43682504,0.46771604,1.0
8165372998738,-0.2047596,-0.9730476,-0.10607344,0.0,0.30100164,0.04052204,-0.95276225,0.0,0.9313814,-0.22701553,0.2845918,0.0,-1.946234,0.43619928,0.4677641,1.0
8165374998823,-0.20517957,-0.9722826,-0.11210808,0.0,0.30440754,0.045467854,-0.9514562,0.0,0.9301815,-0.22934577,0.28664088,0.0,-1.9463222,0.4361909,0.4686461,1.0
8165376998909,-0.21626055,-0.9704039,-0.10746151,0.0,0.27832237,0.04422468,-0.95946914,0.0,0.93582493,-0.23740417,0.26052088,0.0,-1.9447114,0.4348358,0.46298796,1.0
8165378998994,-0.23339033,-0.96758074,-0.09651834,0.0,0.21136612,0.046405077,-0.9763045,0.0,0.9491326,-0.24826103,0.19368368,0.0,-1.9438027,0.43317682,0.4509152,1.0
8165380999081,-0.25340152,-0.9637075,-0.08400047,0.0,0.14949149,0.04677975,-0.987656,0.0,0.9557408,-0.26283062,0.13221174,0.0,-1.9432569,0.43101987,0.44009432,1.0
8165382999165,-0.27107775,-0.95953834,-0.07617977,0.0,0.11776948,0.045485914,-0.9919988,0.0,0.95532584,-0.2778803,0.10067397,0.0,-1.9420339,0.42871732,0.4344955,1.0
8165384999251,-0.28113723,-0.95674217,-0.07487476,0.0,0.11613211,0.043530703,-0.99227935,0.0,0.9526149,-0.28766197,0.0988704,0.0,-1.9406177,0.42708978,0.4335987,1.0
8165386999338,-0.2871133,-0.954859,-0.076222986,0.0,0.118798584,0.043464065,-0.9919665,0.0,0.9505012,-0.29386207,0.10095692,0.0,-1.939587,0.42607066,0.43480194,1.0
8165388999422,-0.30245972,-0.9510789,-0.06298518,0.0,0.095947415,0.035364866,-0.994758,0.0,0.94832075,-0.30691746,0.08055717,0.0,-1.9389169,0.42283475,0.43422216,1.0
8165390999508,-0.31579065,-0.9476902,-0.046466768,0.0,0.084112346,0.020819306,-0.9962386,0.0,0.9450931,-0.3185115,0.07313812,0.0,-1.9367745,0.42025775,0.4408149,1.0
8165392999594,-0.32415676,-0.9442471,-0.057619423,0.0,0.11679241,0.020496488,-0.99294496,0.0,0.93876636,-0.3285992,0.10363662,0.0,-1.9260862,0.41832176,0.46431988,1.0
8165394999680,-0.33167553,-0.94044983,-0.07446858,0.0,0.13947847,0.029184997,-0.98979497,0.0,0.9330257,-0.33867756,0.121492505,0.0,-1.9061067,0.41697875,0.49163115,1.0
8165396999765,-0.32811093,-0.9446202,-0.005981028,0.0,-0.06773955,0.02984345,-0.9972565,0.0,0.9422072,-0.32680568,-0.07378006,0.0,-1.8782411,0.4178577,0.48409632,1.0
