timestamp,fx,fy,cx,cy,pose 00,pose 01,pose 02,pose 03,pose 10,pose 11,pose 12,pose 13,pose 20,pose 21,pose 22,pose 23,pose 30,pose 31,pose 32,pose 33
8164925418850,590.3425,591.3333,371.54962,200.16672,0.9783435,-0.20315675,-0.039694324,0.0,0.18027304,0.9304657,-0.31896412,0.0,0.10173329,0.30490002,0.9469365,0.0,-0.009791612,0.014737606,-0.06309365,1.0
8164925752048,590.3425,591.3333,371.54962,200.16672,0.97859806,-0.20180273,-0.040323313,0.0,0.17905982,0.9315494,-0.31647447,0.0,0.101428,0.3024803,0.9477448,0.0,-0.010066649,0.015132381,-0.062275063,1.0
8164926085246,590.3425,591.3333,371.54962,200.16672,0.97882307,-0.20047167,-0.041481845,0.0,0.17763136,0.93242335,-0.3147011,0.0,0.10176667,0.30066758,0.94828486,0.0,-0.010478502,0.015453179,-0.061657783,1.0
8164926418445,590.3425,591.3333,371.54962,200.16672,0.97898835,-0.19936357,-0.042905185,0.0,0.17626378,0.9330493,-0.3136127,0.0,0.10255488,0.29945993,0.9485822,0.0,-0.010990129,0.015704181,-0.06136427,1.0
8164926751643,590.3425,591.3333,371.54962,200.16672,0.9791671,-0.19813429,-0.04448865,0.0,0.17467192,0.933522,-0.31309664,0.0,0.1035656,0.29880247,0.94868,0.0,-0.01156436,0.015899457,-0.061329648,1.0
8164927084842,590.3425,591.3333,371.54962,200.16672,0.9793654,-0.19677158,-0.04614122,0.0,0.17288524,0.93388087,-0.3130185,0.0,0.10468276,0.2985817,0.9486268,0.0,-0.012139369,0.016015332,-0.061563767,1.0
8164927418041,590.3425,591.3333,371.54962,200.16672,0.97952276,-0.19563848,-0.04759321,0.0,0.17132297,0.93403065,-0.31343007,0.0,0.10577183,0.29885748,0.94841903,0.0,-0.012681752,0.016025443,-0.061941925,1.0
8164927751239,590.3425,591.3333,371.54962,200.16672,0.9796545,-0.1947147,-0.048651386,0.0,0.17001224,0.9339352,-0.31442547,0.0,0.10665994,0.29975662,0.9480357,0.0,-0.013127507,0.015944473,-0.062469732,1.0
8164928084438,590.3425,591.3333,371.54962,200.16672,0.9797526,-0.19411317,-0.049082976,0.0,0.1691472,0.9336097,-0.3158553,0.0,0.1071355,0.3011573,0.94753814,0.0,-0.013366532,0.015748007,-0.06299485,1.0
8164928417636,590.3425,591.3333,371.54962,200.16672,0.9798108,-0.19388168,-0.048837814,0.0,0.16882105,0.93312824,-0.3174493,0.0,0.1071189,0.30279472,0.94701797,0.0,-0.013439402,0.015519766,-0.06350182,1.0
8164928750834,590.3425,591.3333,371.54962,200.16672,0.979824,-0.19399989,-0.04809812,0.0,0.16902673,0.9326909,-0.31862262,0.0,0.106672905,0.3040636,0.94666165,0.0,-0.0133101065,0.015312717,-0.06386271,1.0
8164929084033,590.3425,591.3333,371.54962,200.16672,0.97978884,-0.19444901,-0.046980932,0.0,0.16971643,0.9323231,-0.31933182,0.0,0.10589457,0.30490378,0.9464787,0.0,-0.013007821,0.015170321,-0.06409454,1.0
8164929417231,590.3425,591.3333,371.54962,200.16672,0.979708,-0.19515246,-0.0457383,0.0,0.1707178,0.93198884,-0.31977305,0.0,0.10503147,0.3054754,0.9463906,0.0,-0.012605376,0.015049007,-0.064172864,1.0
8164929750430,590.3425,591.3333,371.54962,200.16672,0.97957236,-0.19612262,-0.04447384,0.0,0.17200702,0.93168306,-0.31997243,0.0,0.104188845,0.30578586,0.9463838,0.0,-0.012133308,0.014948552,-0.064092465,1.0
8164930083629,590.3425,591.3333,371.54962,200.16672,0.9794092,-0.19719434,-0.043319758,0.0,0.17339629,0.9314739,-0.31983277,0.0,0.10341978,0.30573505,0.9464842,0.0,-0.011634942,0.014891172,-0.06386535,1.0
8164930416827,590.3425,591.3333,371.54962,200.16672,0.9792388,-0.19825868,-0.042304657,0.0,0.17477074,0.9313766,-0.3193677,0.0,0.10271838,0.30534297,0.94668746,0.0,-0.011164422,0.014896341,-0.0635402,1.0
8164930750026,590.3425,591.3333,371.54962,200.16672,0.9791075,-0.19906569,-0.041537344,0.0,0.17585118,0.9314186,-0.31865078,0.0,0.10212045,0.30468848,0.9469627,0.0,-0.01072796,0.014953267,-0.0631665,1.0
8164931083224,590.3425,591.3333,371.54962,200.16672,0.9790193,-0.19959854,-0.041048262,0.0,0.1765967,0.93156034,-0.31782314,0.0,0.101675384,0.3039056,0.94726205,0.0,-0.010391077,0.015039416,-0.06276108,1.0
8164931416422,590.3425,591.3333,371.54962,200.16672,0.97897786,-0.19985911,-0.040776428,0.0,0.17701817,0.931769,-0.31697667,0.0,0.101344176,0.30309445,0.9475572,0.0,-0.010150336,0.015141668,-0.062406395,1.0
8164931749621,590.3425,591.3333,371.54962,200.16672,0.9789323,-0.20011452,-0.04063171,0.0,0.17739254,0.93197465,-0.31616086,0.0,0.101135425,0.30229166,0.9478364,0.0,-0.009982062,0.015248533,-0.06215191,1.0
8164932082819,590.3425,591.3333,371.54962,200.16672,0.9788746,-0.20046681,-0.040278506,0.0,0.17798695,0.93234426,-0.3147322,0.0,0.10064636,0.30091408,0.94832706,0.0,-0.009950739,0.014855649,-0.06113293,1.0
8164932416018,590.3425,591.3333,371.54962,200.16672,0.9788416,-0.20064372,-0.04018788,0.0,0.17820896,0.9323843,-0.31448734,0.0,0.10057005,0.3006714,0.9484119,0.0,-0.009919906,0.014894534,-0.061179686,1.0
8164932749216,590.3425,591.3333,371.54962,200.16672,0.9788044,-0.2008631,-0.04000026,0.0,0.17844307,0.9322398,-0.31478354,0.0,0.10051771,0.30097353,0.9483216,0.0,-0.009956626,0.014883423,-0.061351623,1.0
8164933082415,590.3425,591.3333,371.54962,200.16672,0.9788763,-0.20048878,-0.04012673,0.0,0.17797877,0.9321068,-0.31544048,0.0,0.10064402,0.30163515,0.94809794,0.0,-0.010097912,0.014860433,-0.06158368,1.0
8164933415614,590.3425,591.3333,371.54962,200.16672,0.97893304,-0.2001729,-0.040314592,0.0,0.17754915,0.9319591,-0.31611714,0.0,0.10084916,0.3022995,0.9478647,0.0,-0.010293571,0.0148097575,-0.06184711,1.0
8164933748812,590.3425,591.3333,371.54962,200.16672,0.9790166,-0.19967487,-0.040754385,0.0,0.17687865,0.9318869,-0.3167062,0.0,0.10121615,0.3028518,0.94764924,0.0,-0.010513343,0.014738553,-0.06212281,1.0
8164934082010,590.3425,591.3333,371.54962,200.16672,0.9791254,-0.19904271,-0.041220196,0.0,0.17607725,0.9318548,-0.317246,0.0,0.1015563,0.30336547,0.9474482,0.0,-0.010772189,0.014687839,-0.06239434,1.0
8164934415209,590.3425,591.3333,371.54962,200.16672,0.9792408,-0.19838461,-0.041656416,0.0,0.17525521,0.93181074,-0.3178301,0.0,0.101867996,0.30393133,0.9472335,0.0,-0.011025489,0.01462637,-0.06260735,1.0
8164934748407,590.3425,591.3333,371.54962,200.16672,0.97940695,-0.19745612,-0.042155944,0.0,0.17414486,0.9317839,-0.3185185,0.0,0.10217311,0.30461782,0.9469802,0.0,-0.011306794,0.014567635,-0.06276916,1.0
8164935081606,590.3425,591.3333,371.54962,200.16672,0.97954136,-0.1966418,-0.042841546,0.0,0.17311582,0.93183494,-0.3189306,0.0,0.102635786,0.30498868,0.94681066,0.0,-0.011521215,0.01453441,-0.06277397,1.0
8164935414804,590.3425,591.3333,371.54962,200.16672,0.97964764,-0.19594914,-0.04358472,0.0,0.1722194,0.9319707,-0.31901965,0.0,0.10313063,0.30502036,0.946747,0.0,-0.011722305,0.0145403985,-0.06273902,1.0
8164935748003,590.3425,591.3333,371.54962,200.16672,0.97981197,-0.19493899,-0.044398826,0.0,0.17101556,0.93221337,-0.3189575,0.0,0.103565946,0.3049253,0.9467296,0.0,-0.011895858,0.014585018,-0.062660694,1.0
8164936081202,590.3425,591.3333,371.54962,200.16672,0.9801518,-0.19300902,-0.045329206,0.0,0.16890606,0.9326346,-0.31885058,0.0,0.10381591,0.30486533,0.9467219,0.0,-0.012091239,0.014639813,-0.06250103,1.0
8164936414400,590.3425,591.3333,371.54962,200.16672,0.98087084,-0.18898565,-0.046701305,0.0,0.16462603,0.9333038,-0.3191298,0.0,0.103896916,0.30533674,0.94656104,0.0,-0.01245572,0.014660312,-0.06242634,1.0
8164936747598,590.3425,591.3333,371.54962,200.16672,0.98241025,-0.18016449,-0.049140364,0.0,0.15534791,0.9344705,-0.32036468,0.0,0.10363809,0.3070956,0.94602007,0.0,-0.013183485,0.014601405,-0.06235358,1.0
8164937080797,590.3425,591.3333,371.54962,200.16672,0.98499566,-0.16462225,-0.051833745,0.0,0.13940802,0.93594897,-0.32336718,0.0,0.10174684,0.31128913,0.9448542,0.0,-0.014424018,0.014304029,-0.062452894,1.0
8164937413995,590.3425,591.3333,371.54962,200.16672,0.98831207,-0.14180756,-0.05597689,0.0,0.115947425,0.9375475,-0.32796797,0.0,0.09898884,0.31764418,0.9430302,0.0,-0.016464371,0.013797773,-0.06269176,1.0
8164937747194,590.3425,591.3333,371.54962,200.16672,0.99147433,-0.113699555,-0.06367166,0.0,0.08624047,0.93879557,-0.33350697,0.0,0.09769398,0.32517248,0.9405963,0.0,-0.019624824,0.01311619,-0.063056305,1.0
8164938080392,590.3425,591.3333,371.54962,200.16672,0.99355185,-0.08432734,-0.07581712,0.0,0.053784676,0.9390304,-0.33960414,0.0,0.099831894,0.33333617,0.93750924,0.0,-0.023911733,0.012212453,-0.06356051,1.0
8164938413591,590.3425,591.3333,371.54962,200.16672,0.99409086,-0.056182712,-0.092902645,0.0,0.02066654,0.9379735,-0.34609333,0.0,0.106584206,0.3421278,0.9335904,0.0,-0.02917666,0.011096818,-0.06413003,1.0
8164938746789,590.3425,591.3333,371.54962,200.16672,0.9929227,-0.032246552,-0.11432043,0.0,-0.010146655,0.93590325,-0.35211396,0.0,0.11834672,0.35078144,0.9289504,0.0,-0.03500142,0.00985546,-0.06474426,1.0
8164939079988,590.3425,591.3333,371.54962,200.16672,0.9904981,-0.01514975,-0.13670367,0.0,-0.034825344,0.9339061,-0.3558213,0.0,0.13305826,0.35720062,0.9245027,0.0,-0.040782057,0.008918794,-0.065321304,1.0
8164939413186,590.3425,591.3333,371.54962,200.16672,0.98752046,-0.0040105656,-0.15745193,0.0,-0.05319393,0.9324469,-0.35737255,0.0,0.14824837,0.36128786,0.9205957,0.0,-0.04606934,0.008363001,-0.0658595,1.0
8164939746385,590.3425,591.3333,371.54962,200.16672,0.9847688,0.002206944,-0.17386818,0.0,-0.06535898,0.9312939,-0.3583602,0.0,0.16113073,0.3642652,0.9172513,0.0,-0.050397348,0.007986641,-0.06643169,1.0
8164940079583,590.3425,591.3333,371.54962,200.16672,0.98278564,0.004816383,-0.18469793,0.0,-0.0721807,0.9302287,-0.35981542,0.0,0.17007768,0.36695248,0.9145614,0.0,-0.053611364,0.0076122563,-0.067042686,1.0
8164940412782,590.3425,591.3333,371.54962,200.16672,0.98172253,0.0052117333,-0.19025764,0.0,-0.07506572,0.9291987,-0.36187935,0.0,0.17490058,0.3695464,0.912605,0.0,-0.055784717,0.007224655,-0.06771283,1.0
8164940745980,590.3425,591.3333,371.54962,200.16672,0.98143953,0.0044982433,-0.191731,0.0,-0.075473785,0.92811745,-0.36455995,0.0,0.17630836,0.3722637,0.91122895,0.0,-0.057144884,0.0068012085,-0.06841092,1.0
8164941079179,590.3425,591.3333,371.54962,200.16672,0.9816533,0.0038617328,-0.19064751,0.0,-0.075098656,0.9268254,-0.3679093,0.0,0.17527539,0.37547618,0.9101093,0.0,-0.05798562,0.006311994,-0.06907031,1.0
8164941412377,590.3425,591.3333,371.54962,200.16672,0.98201317,0.0038411692,-0.18878338,0.0,-0.074934766,0.9256223,-0.37095872,0.0,0.17331657,0.3784322,0.90925944,0.0,-0.058478244,0.005950829,-0.06968564,1.0
8164941745576,590.3425,591.3333,371.54962,200.16672,0.9823231,0.0042900443,-0.1871574,0.0,-0.075147465,0.92469454,-0.37322265,0.0,0.17146143,0.3806889,0.9086691,0.0,-0.0588071,0.005858559,-0.070266075,1.0
8164942078774,590.3425,591.3333,371.54962,200.16672,0.98252916,0.004419379,-0.18606469,0.0,-0.07502362,0.9243048,-0.37421072,0.0,0.1703262,0.3816319,0.90848696,0.0,-0.059033398,0.006112898,-0.070846885,1.0
8164942411972,590.3425,591.3333,371.54962,200.16672,0.982608,0.0038461313,-0.18566284,0.0,-0.07427761,0.924469,-0.3739541,0.0,0.17020062,0.38124043,0.90867466,0.0,-0.059182834,0.0066719297,-0.0715017,1.0
8164942745171,590.3425,591.3333,371.54962,200.16672,0.9827187,0.0025556833,-0.1850985,0.0,-0.07275228,0.9247812,-0.37348163,0.0,0.1702205,0.38049322,0.9089842,0.0,-0.05927868,0.0073481128,-0.0722394,1.0
8164943078370,590.3425,591.3333,371.54962,200.16672,0.9828673,0.0010410771,-0.18432194,0.0,-0.070928074,0.92512375,-0.37298408,0.0,0.17013177,0.37966695,0.9093463,0.0,-0.059285216,0.00800251,-0.07316265,1.0
8164943411568,590.3425,591.3333,371.54962,200.16672,0.98321414,-0.0011378825,-0.18246363,0.0,-0.06815311,0.9253208,-0.3730124,0.0,0.16926129,0.37918606,0.9097094,0.0,-0.059105057,0.008435644,-0.074431896,1.0
8164943744767,590.3425,591.3333,371.54962,200.16672,0.9837605,-0.0033946335,-0.17946708,0.0,-0.06512189,0.9249531,-0.37446246,0.0,0.1672692,0.3800682,0.90971,0.0,-0.05889817,0.008416753,-0.07623454,1.0
8164944077965,590.3425,591.3333,371.54962,200.16672,0.9844777,-0.0053991526,-0.17543888,0.0,-0.06224138,0.92383647,-0.37769508,0.0,0.16411544,0.3827515,0.9091589,0.0,-0.058678783,0.007974466,-0.07876374,1.0
8164944411164,590.3425,591.3333,371.54962,200.16672,0.9853367,-0.006996542,-0.17049134,0.0,-0.059716467,0.9218376,-0.38295108,0.0,0.15984401,0.38751617,0.9079007,0.0,-0.0585588,0.007150518,-0.08223123,1.0
8164944744362,590.3425,591.3333,371.54962,200.16672,0.98618764,-0.007825665,-0.16545707,0.0,-0.058305614,0.91855764,-0.39096522,0.0,0.15504098,0.39521173,0.9054127,0.0,-0.05858956,0.0057535656,-0.086725496,1.0
8164945077560,590.3425,591.3333,371.54962,200.16672,0.9870328,-0.008785255,-0.1602917,0.0,-0.057090845,0.91401654,-0.40164176,0.0,0.15003718,0.40558428,0.90166116,0.0,-0.05881875,0.0035707187,-0.09238084,1.0
8164945410759,590.3425,591.3333,371.54962,200.16672,0.98786324,-0.010095365,-0.15501352,0.0,-0.05543894,0.90926504,-0.41251168,0.0,0.1451122,0.41609812,0.89766806,0.0,-0.059274644,0.0012474321,-0.09942798,1.0
8164945743957,590.3425,591.3333,371.54962,200.16672,0.98870546,-0.011064425,-0.14947915,0.0,-0.05400862,0.9039852,-0.42414075,0.0,0.13981919,0.42742276,0.8931759,0.0,-0.059967566,-0.0011734199,-0.10790646,1.0
8164946077156,590.3425,591.3333,371.54962,200.16672,0.98943096,-0.010449879,-0.14464314,0.0,-0.054471653,0.8975892,-0.43745652,0.0,0.13440093,0.4407113,0.88753176,0.0,-0.060939807,-0.003928315,-0.117594935,1.0
8164946410355,590.3425,591.3333,371.54962,200.16672,0.98993635,-0.008945607,-0.1412458,0.0,-0.05640138,0.8903951,-0.45168263,0.0,0.12980439,0.45510265,0.88092816,0.0,-0.06212335,-0.007007152,-0.12847586,1.0
8164946743553,590.3425,591.3333,371.54962,200.16672,0.9903305,-0.007542856,-0.13854012,0.0,-0.058492623,0.88275427,-0.4661816,0.0,0.12581266,0.46977657,0.8737756,0.0,-0.06330447,-0.010099387,-0.1403552,1.0
8164947076752,590.3425,591.3333,371.54962,200.16672,0.9906412,-0.0062187165,-0.13636452,0.0,-0.06061776,0.8750267,-0.4802664,0.0,0.122308455,0.48403695,0.86645895,0.0,-0.06434974,-0.012934225,-0.15316297,1.0
8164947409950,590.3425,591.3333,371.54962,200.16672,0.9908584,-0.004845701,-0.13483405,0.0,-0.06297666,0.8672024,-0.49395826,0.0,0.11932149,0.4979335,0.8589687,0.0,-0.06509055,-0.015521271,-0.16689111,1.0
8164947743148,590.3425,591.3333,371.54962,200.16672,0.99106,-0.004749581,-0.1333479,0.0,-0.06412952,0.85942525,-0.5072252,0.0,0.11701095,0.5112413,0.8514361,0.0,-0.06529026,-0.017553015,-0.18133521,1.0
8164948076347,590.3425,591.3333,371.54962,200.16672,0.9912401,-0.0070354342,-0.1318994,0.0,-0.06292476,0.85283726,-0.5183729,0.0,0.116135135,0.52213097,0.8449226,0.0,-0.06487541,-0.018525535,-0.19643503,1.0
8164948409546,590.3425,591.3333,371.54962,200.16672,0.99134135,-0.012424529,-0.13074842,0.0,-0.0588649,0.8478979,-0.5268855,0.0,0.117406934,0.5300188,0.8398226,0.0,-0.06365289,-0.01844243,-0.21199575,1.0
8164948742744,590.3425,591.3333,371.54962,200.16672,0.9913471,-0.021017961,-0.12959808,0.0,-0.0519485,0.8437565,-0.5342108,0.0,0.12057665,0.5363198,0.83536184,0.0,-0.061398454,-0.017700095,-0.22755004,1.0
8164949075943,590.3425,591.3333,371.54962,200.16672,0.99137104,-0.03383357,-0.12666893,0.0,-0.040333945,0.8405787,-0.5401897,0.0,0.12475115,0.5406368,0.83195907,0.0,-0.057819575,-0.016456163,-0.24278113,1.0
8164949409141,590.3425,591.3333,371.54962,200.16672,0.99132574,-0.04986769,-0.12162435,0.0,-0.02463996,0.83835757,-0.544568,0.0,0.12912047,0.54284036,0.8298548,0.0,-0.05295726,-0.014581472,-0.25756726,1.0
8164949742340,590.3425,591.3333,371.54962,200.16672,0.99104655,-0.067795046,-0.11505225,0.0,-0.0062345117,0.83712465,-0.54698056,0.0,0.13339502,0.5427996,0.8292051,0.0,-0.047172517,-0.0120725185,-0.27182576,1.0
8164950075539,590.3425,591.3333,371.54962,200.16672,0.99027276,-0.085959874,-0.10944258,0.0,0.011947036,0.8360362,-0.54854804,0.0,0.13865043,0.54190373,0.82892925,0.0,-0.041351356,-0.009389345,-0.28529054,1.0
8164950408736,590.3425,591.3333,371.54962,200.16672,0.98903126,-0.10345339,-0.105460435,0.0,0.02852697,0.8341749,-0.5507659,0.0,0.14495021,0.5417153,0.82797426,0.0,-0.03618715,-0.0068771355,-0.29761064,1.0
8164950741935,590.3425,591.3333,371.54962,200.16672,0.9874329,-0.11745079,-0.105774075,0.0,0.039542973,0.8314905,-0.554134,0.0,0.15303291,0.5429866,0.8256835,0.0,-0.032311134,-0.0045711994,-0.30843517,1.0
8164951075133,590.3425,591.3333,371.54962,200.16672,0.985529,-0.12516959,-0.11433551,0.0,0.040461108,0.82861024,-0.5583661,0.0,0.16462909,0.5456587,0.8216817,0.0,-0.03019695,-0.002291415,-0.3176879,1.0
8164951408332,590.3425,591.3333,371.54962,200.16672,0.9830165,-0.12762007,-0.1318946,0.0,0.032014206,0.82687724,-0.56147367,0.0,0.18071501,0.54771435,0.8169176,0.0,-0.029589236,0.00038187206,-0.32560742,1.0
8164951741530,590.3425,591.3333,371.54962,200.16672,0.97942275,-0.12908296,-0.15515707,0.0,0.019771904,0.8264119,-0.56272244,0.0,0.20086047,0.54807436,0.8119563,0.0,-0.030005258,0.003490325,-0.33246014,1.0
8164952074729,590.3425,591.3333,371.54962,200.16672,0.9746755,-0.1293585,-0.18242604,0.0,0.0045112297,0.8269384,-0.5622783,0.0,0.22358927,0.54721475,0.8065775,0.0,-0.03103672,0.006647758,-0.33852416,1.0
8164952407927,590.3425,591.3333,371.54962,200.16672,0.9691872,-0.12903109,-0.20983525,0.0,-0.011390641,0.8274528,-0.56142324,0.0,0.24606887,0.5465135,0.80048484,0.0,-0.032224856,0.009255983,-0.3440665,1.0
8164952741126,590.3425,591.3333,371.54962,200.16672,0.9633737,-0.13019422,-0.23444799,0.0,-0.024918556,0.82700497,-0.56164604,0.0,0.26701128,0.54691565,0.79346764,0.0,-0.033447057,0.01127547,-0.34908846,1.0
8164953074324,590.3425,591.3333,371.54962,200.16672,0.9571772,-0.13058253,-0.25838846,0.0,-0.03882545,0.8265427,-0.56153643,0.0,0.2868949,0.54752094,0.7860762,0.0,-0.03495454,0.012964338,-0.3535304,1.0
8164953407523,590.3425,591.3333,371.54962,200.16672,0.95050234,-0.12898579,-0.28268838,0.0,-0.054316223,0.82679254,-0.55988145,0.0,0.3059406,0.54752207,0.778861,0.0,-0.03692863,0.014220148,-0.35730994,1.0
8164953740721,590.3425,591.3333,371.54962,200.16672,0.9435231,-0.12630534,-0.30629283,0.0,-0.07011658,0.82741964,-0.55719227,0.0,0.32380843,0.5471989,0.7718326,0.0,-0.03949129,0.015032157,-0.3602359,1.0
8164954073920,590.3425,591.3333,371.54962,200.16672,0.9361968,-0.12179287,-0.32970628,0.0,-0.08687378,0.828762,-0.5528195,0.0,0.34057698,0.5461895,0.7653027,0.0,-0.042964425,0.015675269,-0.36206108,1.0
8164954407118,590.3425,591.3333,371.54962,200.16672,0.92781395,-0.115418114,-0.3547445,0.0,-0.105869845,0.8303717,-0.54706186,0.0,0.3577101,0.5451275,0.75821054,0.0,-0.04760831,0.016309105,-0.3626008,1.0
8164954740317,590.3425,591.3333,371.54962,200.16672,0.91794246,-0.107900634,-0.3817632,0.0,-0.12710157,0.83159095,-0.5406518,0.0,0.37580678,0.54480886,0.74963754,0.0,-0.053613268,0.016711242,-0.36193454,1.0
8164955073515,590.3425,591.3333,371.54962,200.16672,0.9067827,-0.10013294,-0.40954006,0.0,-0.1493197,0.8321473,-0.53407645,0.0,0.39427552,0.5454426,0.739624,0.0,-0.06061188,0.016725108,-0.35996607,1.0
8164955406714,590.3425,591.3333,371.54962,200.16672,0.8953783,-0.09308938,-0.43547314,0.0,-0.1700936,0.83226645,-0.5276398,0.0,0.41154653,0.546507,0.72935843,0.0,-0.06809406,0.016346976,-0.35707992,1.0
8164955739912,590.3425,591.3333,371.54962,200.16672,0.88455844,-0.08770867,-0.45811373,0.0,-0.18796004,0.83186024,-0.5221907,0.0,0.42688614,0.5480139,0.71934223,0.0,-0.07545882,0.0155477,-0.3533002,1.0
8164956073111,590.3425,591.3333,371.54962,200.16672,0.87484485,-0.08393039,-0.47708148,0.0,-0.20225564,0.831632,-0.51718885,0.0,0.44016296,0.54895097,0.71057224,0.0,-0.08258927,0.014303476,-0.34860674,1.0
8164956406309,590.3425,591.3333,371.54962,200.16672,0.8664912,-0.08085575,-0.49260497,0.0,-0.21392271,0.8314531,-0.51276296,0.0,0.45103675,0.5496828,0.7031492,0.0,-0.08936477,0.01272583,-0.34306657,1.0
8164956739507,590.3425,591.3333,371.54962,200.16672,0.8601687,-0.07932048,-0.5038078,0.0,-0.22237235,0.8306624,-0.5104448,0.0,0.4589822,0.5511002,0.6968702,0.0,-0.09563199,0.011096157,-0.33681732,1.0
8164957072706,590.3425,591.3333,371.54962,200.16672,0.8570285,-0.07942915,-0.50911504,0.0,-0.22585148,0.8301746,-0.5097096,0.0,0.46313918,0.5518188,0.6935429,0.0,-0.10121492,0.0098559335,-0.33007255,1.0
8164957405904,590.3425,591.3333,371.54962,200.16672,0.85627043,-0.078128785,-0.51058906,0.0,-0.22669978,0.8313621,-0.50739306,0.0,0.46412545,0.55021495,0.6941581,0.0,-0.10626723,0.009307489,-0.32298583,1.0
8164957739103,590.3425,591.3333,371.54962,200.16672,0.85754365,-0.07633324,-0.5087213,0.0,-0.22378054,0.8350987,-0.5025289,0.0,0.4631911,0.5447811,0.699051,0.0,-0.110856965,0.009365909,-0.31601185,1.0
8164958072302,590.3425,591.3333,371.54962,200.16672,0.8605235,-0.075840145,-0.5037379,0.0,-0.21691583,0.8401771,-0.49704415,0.0,0.46092406,0.5369856,0.70654047,0.0,-0.115103215,0.009204097,-0.30893093,1.0
8164958405500,590.3425,591.3333,371.54962,200.16672,0.8643367,-0.07568982,-0.49719012,0.0,-0.20874882,0.8454319,-0.49160177,0.0,0.45754868,0.52869594,0.7149366,0.0,-0.11908403,0.0086951405,-0.30207926,1.0
8164958738698,590.3425,591.3333,371.54962,200.16672,0.8684839,-0.076406635,-0.4897979,0.0,-0.1996659,0.8504454,-0.48670268,0.0,0.45373294,0.52048826,0.72334146,0.0,-0.1224851,0.007921189,-0.29533333,1.0
8164959071897,590.3425,591.3333,371.54962,200.16672,0.87272465,-0.07784403,-0.48197198,0.0,-0.19047779,0.8546838,-0.48294598,0.0,0.44952703,0.51328254,0.73107517,0.0,-0.1254295,0.0072433054,-0.28897187,1.0
8164959405095,590.3425,591.3333,371.54962,200.16672,0.87682456,-0.08062616,-0.47400677,0.0,-0.18119162,0.8577551,-0.48107004,0.0,0.44536793,0.50769913,0.73749137,0.0,-0.12773344,0.0067744367,-0.28257647,1.0
8164959738294,590.3425,591.3333,371.54962,200.16672,0.8810612,-0.08416426,-0.46545887,0.0,-0.17156151,0.86017334,-0.48028272,0.0,0.44079718,0.50301224,0.7434255,0.0,-0.12949227,0.0067952275,-0.27616534,1.0
8164960071492,590.3425,591.3333,371.54962,200.16672,0.8849376,-0.086638704,-0.45758474,0.0,-0.16271651,0.86310285,-0.4781012,0.0,0.4363635,0.49754506,0.7496933,0.0,-0.13074471,0.007404119,-0.2696721,1.0
8164960404691,590.3425,591.3333,371.54962,200.16672,0.8896945,-0.08913687,-0.4477755,0.0,-0.1524082,0.8665155,-0.47531608,0.0,0.43037185,0.49112973,0.75734824,0.0,-0.13128608,0.0081892125,-0.26286685,1.0
8164960737889,590.3425,591.3333,371.54962,200.16672,0.8951978,-0.09258802,-0.4359496,0.0,-0.14029865,0.8699051,-0.4728474,0.0,0.42301404,0.48445413,0.76574624,0.0,-0.13150851,0.008781642,-0.2557557,1.0
8164961071088,590.3425,591.3333,371.54962,200.16672,0.9008689,-0.09743248,-0.42302105,0.0,-0.12584727,0.8740193,-0.46931362,0.0,0.4154542,0.47602504,0.77511424,0.0,-0.13190466,0.009381238,-0.24809822,1.0
8164961404286,590.3425,591.3333,371.54962,200.16672,0.9060114,-0.10250648,-0.41065824,0.0,-0.11019492,0.8796471,-0.46268898,0.0,0.40866202,0.46445304,0.7856735,0.0,-0.13307163,0.010369331,-0.24004924,1.0
8164961737484,590.3425,591.3333,371.54962,200.16672,0.90998137,-0.10642089,-0.40076545,0.0,-0.096244186,0.88590336,-0.45377854,0.0,0.40333012,0.45150033,0.7959119,0.0,-0.13524798,0.01138467,-0.23168686,1.0
8164962070683,590.3425,591.3333,371.54962,200.16672,0.9131354,-0.109778166,-0.39260352,0.0,-0.08407277,0.89164793,-0.4448585,0.0,0.39889908,0.43922222,0.80496436,0.0,-0.13786535,0.012148172,-0.22320585,1.0
8164962403881,590.3425,591.3333,371.54962,200.16672,0.916506,-0.112995,-0.3837361,0.0,-0.07309956,0.8958181,-0.43837142,0.0,0.39329106,0.4298201,0.81276166,0.0,-0.14048117,0.01248879,-0.21471407,1.0
8164962737080,590.3425,591.3333,371.54962,200.16672,0.91970146,-0.11288208,-0.37604648,0.0,-0.06681993,0.8988064,-0.43322626,0.0,0.38689598,0.42356545,0.81908965,0.0,-0.14305021,0.012570754,-0.2063966,1.0
8164963070279,590.3425,591.3333,371.54962,200.16672,0.9227812,-0.10842557,-0.36976138,0.0,-0.0652248,0.9017982,-0.4272107,0.0,0.37976995,0.41833878,0.8250892,0.0,-0.14538348,0.012647707,-0.19820336,1.0
8164963403477,590.3425,591.3333,371.54962,200.16672,0.9258607,-0.101522066,-0.36397684,0.0,-0.06601031,0.9049688,-0.42033,0.0,0.37205976,0.4131925,0.8311724,0.0,-0.14721854,0.012888525,-0.19049203,1.0
8164963736676,590.3425,591.3333,371.54962,200.16672,0.92860264,-0.094491705,-0.358849,0.0,-0.0675237,0.90786624,-0.4137903,0.0,0.3648861,0.40847695,0.83666563,0.0,-0.14853498,0.013219558,-0.18354414,1.0
8164964069874,590.3425,591.3333,371.54962,200.16672,0.9313857,-0.08913834,-0.35295913,0.0,-0.06802017,0.909874,-0.40927532,0.0,0.3576295,0.40520063,0.84137875,0.0,-0.1489375,0.013698239,-0.17774323,1.0
8164964403072,590.3425,591.3333,371.54962,200.16672,0.93507016,-0.08796519,-0.34338376,0.0,-0.06472094,0.91006964,-0.40937564,0.0,0.3485127,0.40501788,0.8452828,0.0,-0.14843576,0.013635565,-0.17391172,1.0
8164964736271,590.3425,591.3333,371.54962,200.16672,0.9388139,-0.090552196,-0.33231616,0.0,-0.05816678,0.9092856,-0.4120933,0.0,0.33948505,0.40620762,0.84837955,0.0,-0.1475738,0.013721392,-0.1706635,1.0
8164965069469,590.3425,591.3333,371.54962,200.16672,0.9410028,-0.08798892,-0.3267675,0.0,-0.05746033,0.91004306,-0.41051754,0.0,0.33349237,0.40507314,0.8512938,0.0,-0.14687973,0.0142729245,-0.16847761,1.0
8164965402668,590.3425,591.3333,371.54962,200.16672,0.94125205,-0.08240414,-0.3275047,0.0,-0.060751364,0.9126401,-0.4042306,0.0,0.33220297,0.40037823,0.8540146,0.0,-0.14702192,0.015452698,-0.1677526,1.0
8164965735866,590.3425,591.3333,371.54962,200.16672,0.9400584,-0.07941224,-0.33164662,0.0,-0.063560165,0.91467005,-0.39917815,0.0,0.33504575,0.3963292,0.8547929,0.0,-0.14839625,0.017020535,-0.16873819,1.0
8164966069065,590.3425,591.3333,371.54962,200.16672,0.9392464,-0.08224781,-0.333252,0.0,-0.062911026,0.9131769,-0.40268475,0.0,0.33743677,0.3991843,0.8525204,0.0,-0.15074396,0.01791028,-0.17102082,1.0
8164966402263,590.3425,591.3333,371.54962,200.16672,0.9400233,-0.08932522,-0.32921538,0.0,-0.058637045,0.90843016,-0.41391027,0.0,0.33604035,0.4083882,0.8487041,0.0,-0.15402308,0.01775349,-0.17408797,1.0
8164966735462,590.3425,591.3333,371.54962,200.16672,0.9420475,-0.09398137,-0.32205564,0.0,-0.054081406,0.90486777,-0.42224917,0.0,0.3311,0.41519463,0.84734225,0.0,-0.15858611,0.017579898,-0.17772216,1.0
8164967068660,590.3425,591.3333,371.54962,200.16672,0.9444071,-0.09312755,-0.31532148,0.0,-0.052492015,0.9040403,-0.424217,0.0,0.32456854,0.4171844,0.8488903,0.0,-0.16468012,0.017321926,-0.18196404,1.0
8164967401859,590.3425,591.3333,371.54962,200.16672,0.9473712,-0.09195051,-0.3066569,0.0,-0.04928727,0.90455943,-0.4234952,0.0,0.31632864,0.41632047,0.85241795,0.0,-0.171963,0.01636767,-0.18717079,1.0
8164967735057,590.3425,591.3333,371.54962,200.16672,0.9512401,-0.09251738,-0.29425898,0.0,-0.043312427,0.9044505,-0.42437997,0.0,0.30540404,0.4164312,0.85633916,0.0,-0.18008901,0.01428467,-0.193148,1.0
8164968068255,590.3425,591.3333,371.54962,200.16672,0.9548767,-0.09037912,-0.2829274,0.0,-0.04120733,0.9030556,-0.42754832,0.0,0.29413936,0.41991338,0.8585787,0.0,-0.18908474,0.011261221,-0.19936103,1.0
8164968401454,590.3425,591.3333,371.54962,200.16672,0.9580151,-0.08782186,-0.27294794,0.0,-0.040476754,0.90098554,-0.43196318,0.0,0.28385657,0.42487407,0.85959923,0.0,-0.19861451,0.008171439,-0.20513076,1.0
8164968734652,590.3425,591.3333,371.54962,200.16672,0.9605581,-0.0843104,-0.26500145,0.0,-0.04107719,0.8994665,-0.4350592,0.0,0.27503893,0.42878428,0.8605236,0.0,-0.20840968,0.0055333227,-0.21031234,1.0
8164969067851,590.3425,591.3333,371.54962,200.16672,0.96210736,-0.078253075,-0.26121265,0.0,-0.045700356,0.8981179,-0.43737924,0.0,0.2688247,0.43274212,0.860506,0.0,-0.21781501,0.004528474,-0.2148433,1.0
8164969401049,590.3425,591.3333,371.54962,200.16672,0.96428984,-0.07393251,-0.25433236,0.0,-0.04807546,0.89544487,-0.44257426,0.0,0.26046002,0.4389959,0.8599106,0.0,-0.22587487,0.005618103,-0.21871127,1.0
8164969734247,590.3425,591.3333,371.54962,200.16672,0.9657097,-0.065434836,-0.25125504,0.0,-0.055997152,0.89245665,-0.4476509,0.0,0.25352487,0.446369,0.8581858,0.0,-0.23242876,0.009392876,-0.22174883,1.0
8164970067446,590.3425,591.3333,371.54962,200.16672,0.96663463,-0.0579466,-0.24952947,0.0,-0.06359979,0.88929677,-0.45288885,0.0,0.24814892,0.45364702,0.8559379,0.0,-0.23680052,0.016264983,-0.22336419,1.0
8164970400645,590.3425,591.3333,371.54962,200.16672,0.96711785,-0.055103622,-0.24829808,0.0,-0.06736301,0.88589066,-0.45897833,0.0,0.24525622,0.46061146,0.8530476,0.0,-0.23888122,0.02558472,-0.2248096,1.0
8164970733843,590.3425,591.3333,371.54962,200.16672,0.967514,-0.056969836,-0.246324,0.0,-0.066848435,0.88196766,-0.4665476,0.0,0.24382871,0.46785665,0.84950584,0.0,-0.23864023,0.036922082,-0.22587422,1.0
8164971067042,590.3425,591.3333,371.54962,200.16672,0.96845233,-0.06195195,-0.24138552,0.0,-0.06180444,0.878642,-0.47346598,0.0,0.2414235,0.47344688,0.84709245,0.0,-0.23623884,0.04982204,-0.22678304,1.0
8164971400240,590.3425,591.3333,371.54962,200.16672,0.97001415,-0.06667368,-0.2337364,0.0,-0.055488817,0.87550294,-0.48001784,0.0,0.23664138,0.47859275,0.84554905,0.0,-0.23212862,0.06328399,-0.22769704,1.0
8164971733439,590.3425,591.3333,371.54962,200.16672,0.9717833,-0.06860723,-0.22568761,0.0,-0.051455237,0.8720744,-0.48666233,0.0,0.23020503,0.4845423,0.843936,0.0,-0.22699463,0.07621797,-0.22864702,1.0
8164972066637,590.3425,591.3333,371.54962,200.16672,0.9733894,-0.06905161,-0.2185174,0.0,-0.048986517,0.8687928,-0.4927488,0.0,0.22387135,0.49033993,0.84228945,0.0,-0.22110419,0.08856916,-0.22949278,1.0
8164972399835,590.3425,591.3333,371.54962,200.16672,0.9747375,-0.06994955,-0.21212965,0.0,-0.046408486,0.86555433,-0.49866182,0.0,0.21849069,0.4959079,0.8404406,0.0,-0.21490647,0.09988976,-0.23018615,1.0
8164972733034,590.3425,591.3333,371.54962,200.16672,0.9756633,-0.07103885,-0.2074603,0.0,-0.04408112,0.8632247,-0.5028939,0.0,0.21480958,0.49979895,0.8390834,0.0,-0.20890534,0.110082455,-0.23068531,1.0
8164973066232,590.3425,591.3333,371.54962,200.16672,0.9764469,-0.073073804,-0.20301768,0.0,-0.040614072,0.8618423,-0.5055488,0.0,0.21191166,0.50188607,0.83857423,0.0,-0.20336004,0.11962474,-0.23093836,1.0
8164973399431,590.3425,591.3333,371.54962,200.16672,0.977335,-0.079019636,-0.19640958,0.0,-0.03205275,0.861811,-0.5062174,0.0,0.20926905,0.50103843,0.8397439,0.0,-0.19830935,0.13001052,-0.23089059,1.0
8164973732629,590.3425,591.3333,371.54962,200.16672,0.9781588,-0.08820452,-0.18823092,0.0,-0.019878004,0.8616738,-0.507075,0.0,0.20691991,0.49974054,0.84109914,0.0,-0.19418101,0.14162025,-0.23022123,1.0
8164974065828,590.3425,591.3333,371.54962,200.16672,0.9783391,-0.09846974,-0.18210346,0.0,-0.008461498,0.8598806,-0.51042634,0.0,0.20684859,0.5009098,0.84042007,0.0,-0.19161649,0.15405664,-0.22863485,1.0
8164974399026,590.3425,591.3333,371.54962,200.16672,0.97811407,-0.10757686,-0.17811573,0.0,3.170967e-05,0.8560676,-0.5168657,0.0,0.20808178,0.5055468,0.8373337,0.0,-0.19046555,0.16775581,-0.2260032,1.0
8164974732224,590.3425,591.3333,371.54962,200.16672,0.97824025,-0.11209503,-0.17459863,0.0,0.003274534,0.84973776,-0.5271972,0.0,0.20745936,0.51515305,0.83161384,0.0,-0.19008273,0.18301703,-0.22202583,1.0
8164975065423,590.3425,591.3333,371.54962,200.16672,0.9785208,-0.11465621,-0.17133662,0.0,0.004453607,0.8426456,-0.53845227,0.0,0.2061126,0.52612233,0.825055,0.0,-0.1901649,0.19981515,-0.21668929,1.0
8164975398621,590.3425,591.3333,371.54962,200.16672,0.97866064,-0.11757334,-0.16853955,0.0,0.005530931,0.8349294,-0.55033094,0.0,0.2054227,0.5376537,0.8177613,0.0,-0.1909039,0.2175706,-0.21014433,1.0
8164975731820,590.3425,591.3333,371.54962,200.16672,0.9785568,-0.121047586,-0.16667125,0.0,0.0067119896,0.82743156,-0.56152785,0.0,0.20588037,0.5483669,0.81049985,0.0,-0.19257262,0.23558362,-0.20273684,1.0
8164976065018,590.3425,591.3333,371.54962,200.16672,0.9782572,-0.12255095,-0.16733265,0.0,0.005518697,0.82186645,-0.56965494,0.0,0.2073367,0.55634433,0.8046716,0.0,-0.1954939,0.25353616,-0.19499777,1.0
8164976398217,590.3425,591.3333,371.54962,200.16672,0.97823334,-0.12385879,-0.16650273,0.0,0.0053476915,0.8171292,-0.5764308,0.0,0.20745021,0.5629926,0.80000424,0.0,-0.19940186,0.26987323,-0.18706332,1.0
8164976731415,590.3425,591.3333,371.54962,200.16672,0.9795039,-0.12321983,-0.15935436,0.0,0.008133501,0.81463546,-0.5799176,0.0,0.20127307,0.56673443,0.7989398,0.0,-0.20385534,0.28439188,-0.17931749,1.0
8164977064614,590.3425,591.3333,371.54962,200.16672,0.9819267,-0.116050646,-0.14952487,0.0,0.008225217,0.8154001,-0.5788411,0.0,0.18909726,0.5671483,0.8016162,0.0,-0.20861329,0.2969642,-0.17203347,1.0
8164977397812,590.3425,591.3333,371.54962,200.16672,0.98492813,-0.10494883,-0.13750221,0.0,0.0060676634,0.8153887,-0.5788835,0.0,0.1728708,0.5693231,0.80373484,0.0,-0.21365654,0.30665225,-0.16542108,1.0
8164977731010,590.3425,591.3333,371.54962,200.16672,0.9883065,-0.09473179,-0.119502574,0.0,0.006612554,0.8095308,-0.5870417,0.0,0.15235254,0.57938564,0.80069,0.0,-0.21894926,0.31290627,-0.15934403,1.0
8164978064209,590.3425,591.3333,371.54962,200.16672,0.99182504,-0.082608216,-0.09728108,0.0,0.007558599,0.79893696,-0.60136855,0.0,0.12739946,0.5957159,0.7930292,0.0,-0.22463983,0.31653973,-0.15430887,1.0
8164978397407,590.3425,591.3333,371.54962,200.16672,0.99491155,-0.06757119,-0.07476702,0.0,0.007275738,0.788134,-0.61546254,0.0,0.100513786,0.6117851,0.78461355,0.0,-0.23093195,0.31917727,-0.15064552,1.0
8164978730606,590.3425,591.3333,371.54962,200.16672,0.9970687,-0.05205936,-0.05610849,0.0,0.0052027702,0.7774685,-0.6289018,0.0,0.07636309,0.6267652,0.7754595,0.0,-0.23816498,0.32110202,-0.14797495,1.0
8164979063804,590.3425,591.3333,371.54962,200.16672,0.9983152,-0.038818873,-0.043186143,0.0,0.0020973757,0.7673325,-0.64124775,0.0,0.05803047,0.6400751,0.7661195,0.0,-0.24648589,0.32274675,-0.1456971,1.0
8164979397003,590.3425,591.3333,371.54962,200.16672,0.9988763,-0.02893418,-0.037611693,0.0,-0.002491884,0.75952876,-0.6504705,0.0,0.04738772,0.6498315,0.7586018,0.0,-0.2559843,0.3244527,-0.14337406,1.0
8164979730201,590.3425,591.3333,371.54962,200.16672,0.9990237,-0.023255207,-0.03763382,0.0,-0.007251695,0.75310206,-0.6578653,0.0,0.043640614,0.65749437,0.7521969,0.0,-0.26657432,0.3256779,-0.13992292,1.0
8164980063400,590.3425,591.3333,371.54962,200.16672,0.999028,-0.021383658,-0.038604856,0.0,-0.009543866,0.74938494,-0.6620674,0.0,0.043087155,0.6617909,0.74845123,0.0,-0.2778046,0.3266881,-0.13501263,1.0
8164980396598,590.3425,591.3333,371.54962,200.16672,0.9989676,-0.022870176,-0.039310515,0.0,-0.008726075,0.7519241,-0.65919626,0.0,0.044633627,0.6588571,0.75094473,0.0,-0.28992423,0.32795915,-0.13037461,1.0
8164980729796,590.3425,591.3333,371.54962,200.16672,0.9988529,-0.027470388,-0.039281398,0.0,-0.0046869367,0.75960153,-0.65037584,0.0,0.047703743,0.6498122,0.7585983,0.0,-0.3030086,0.3313519,-0.124797866,1.0
8164981062995,590.3425,591.3333,371.54962,200.16672,0.9985732,-0.031487025,-0.043183804,0.0,-0.0034586638,0.7682562,-0.6401371,0.0,0.053331286,0.6393715,0.7670481,0.0,-0.3172318,0.33454376,-0.11906649,1.0
8164981396193,590.3425,591.3333,371.54962,200.16672,0.99806625,-0.03508106,-0.05136195,0.0,-0.005458109,0.7731905,-0.63415444,0.0,0.061958656,0.63320696,0.77150077,0.0,-0.3322366,0.33610424,-0.112726174,1.0
8164981729392,590.3425,591.3333,371.54962,200.16672,0.9974339,-0.03810121,-0.060650334,0.0,-0.00873784,0.7757267,-0.63101256,0.0,0.07108976,0.6299219,0.7734,0.0,-0.34735548,0.3368079,-0.10614118,1.0
8164982062590,590.3425,591.3333,371.54962,200.16672,0.9967367,-0.0392906,-0.07054016,0.0,-0.013898291,0.7771044,-0.6292216,0.0,0.07953927,0.6281477,0.7740202,0.0,-0.36209488,0.33752683,-0.09971406,1.0
8164982395789,590.3425,591.3333,371.54962,200.16672,0.9959701,-0.037470974,-0.08154215,0.0,-0.022192024,0.7775935,-0.62838113,0.0,0.086951956,0.62765646,0.7736263,0.0,-0.3761209,0.33785635,-0.09277329,1.0
8164982728987,590.3425,591.3333,371.54962,200.16672,0.9949355,-0.03415761,-0.09458168,0.0,-0.032985292,0.77765924,-0.6278263,0.0,0.09499647,0.6277641,0.77259195,0.0,-0.38912535,0.33855635,-0.08529574,1.0
8164983062185,590.3425,591.3333,371.54962,200.16672,0.9938485,-0.032747157,-0.10583845,0.0,-0.0409053,0.77936,-0.625246,0.0,0.10296078,0.62572706,0.7732243,0.0,-0.4008138,0.34049135,-0.078011975,1.0
8164983395384,590.3425,591.3333,371.54962,200.16672,0.9926937,-0.0321133,-0.116347834,0.0,-0.04740371,0.7827735,-0.620504,0.0,0.11099978,0.62148404,0.7755301,0.0,-0.41133177,0.34349772,-0.071170636,1.0
8164983728582,590.3425,591.3333,371.54962,200.16672,0.99151313,-0.03145551,-0.12617919,0.0,-0.05332256,0.7866421,-0.6151079,0.0,0.11860596,0.61661386,0.77828676,0.0,-0.42077184,0.3468155,-0.0648522,1.0
8164984061781,590.3425,591.3333,371.54962,200.16672,0.99056107,-0.032292865,-0.13324957,0.0,-0.05623747,0.79065895,-0.6096746,0.0,0.12504259,0.61141133,0.78137785,0.0,-0.42922434,0.349933,-0.059192784,1.0
8164984394979,590.3425,591.3333,371.54962,200.16672,0.9900858,-0.033619616,-0.13641545,0.0,-0.05643516,0.7940127,-0.60528207,0.0,0.12866445,0.60697746,0.784241,0.0,-0.4364934,0.35227978,-0.054314725,1.0
8164984728178,590.3425,591.3333,371.54962,200.16672,0.9903137,-0.033077568,-0.13488118,0.0,-0.055623166,0.79545414,-0.6034615,0.0,0.1272523,0.60511696,0.7859075,0.0,-0.44223377,0.35356268,-0.05002918,1.0
8164985061376,590.3425,591.3333,371.54962,200.16672,0.9916264,-0.030910067,-0.12541732,0.0,-0.051528506,0.7956887,-0.6035157,0.0,0.11844739,0.6049231,0.7874319,0.0,-0.4458906,0.35415864,-0.046420753,1.0
8164985394575,590.3425,591.3333,371.54962,200.16672,0.993887,-0.028602526,-0.1066781,0.0,-0.04203729,0.79522425,-0.60486174,0.0,0.10213314,0.60564685,0.78915894,0.0,-0.44723675,0.35430628,-0.043247156,1.0
8164985727773,590.3425,591.3333,371.54962,200.16672,0.99667436,-0.027710758,-0.0766899,0.0,-0.024630778,0.7942538,-0.6070928,0.0,0.077733666,0.60696065,0.79092765,0.0,-0.44596925,0.3543858,-0.040329672,1.0
8164986060971,590.3425,591.3333,371.54962,200.16672,0.9991836,-0.027402408,-0.02983749,0.0,0.003608644,0.7938045,-0.608168,0.0,0.04035026,0.60756195,0.7932535,0.0,-0.44124377,0.35474038,-0.037610926,1.0
8164986394170,590.3425,591.3333,371.54962,200.16672,0.99895036,-0.02494102,0.038531363,0.0,0.043210484,0.7940998,-0.6062554,0.0,-0.01547727,0.6072823,0.7943419,0.0,-0.43235523,0.35547093,-0.03457427,1.0
8164986727369,590.3425,591.3333,371.54962,200.16672,0.9926103,-0.01858458,0.11994961,0.0,0.087445185,0.79484904,-0.6004802,0.0,-0.084181845,0.6065301,0.7905981,0.0,-0.4203421,0.3562799,-0.030923873,1.0
8164987060567,590.3425,591.3333,371.54962,200.16672,0.9786916,-0.011467576,0.20503816,0.0,0.1328944,0.79655594,-0.5897835,0.0,-0.15656033,0.60446274,0.78110474,0.0,-0.4068151,0.35734928,-0.026644096,1.0
8164987393765,590.3425,591.3333,371.54962,200.16672,0.9585212,-0.0058733076,0.28497675,0.0,0.17575376,0.79929054,-0.5746757,0.0,-0.22440311,0.6009228,0.7671673,0.0,-0.3930708,0.35847566,-0.021798082,1.0
8164987726964,590.3425,591.3333,371.54962,200.16672,0.9337268,-0.0037997663,0.35797963,0.0,0.21681774,0.80170095,-0.55702126,0.0,-0.28487474,0.59772027,0.74939173,0.0,-0.37971663,0.35921305,-0.016675107,1.0
8164988060162,590.3425,591.3333,371.54962,200.16672,0.9063693,-0.004124373,0.4224771,0.0,0.25511533,0.80242205,-0.5394831,0.0,-0.33677846,0.59674937,0.72834134,0.0,-0.36732793,0.35928437,-0.011483528,1.0
8164988393361,590.3425,591.3333,371.54962,200.16672,0.88049585,-0.0029035509,0.47405028,0.0,0.28558424,0.8014127,-0.52553225,0.0,-0.37838477,0.59810823,0.70646703,0.0,-0.35717982,0.35943383,-0.0067171454,1.0
8164988726559,590.3425,591.3333,371.54962,200.16672,0.8597033,0.00033898652,0.5107972,0.0,0.30669504,0.7993402,-0.5167175,0.0,-0.4084767,0.600881,0.68708986,0.0,-0.3484048,0.35866114,-0.0024695247,1.0
8164989059758,590.3425,591.3333,371.54962,200.16672,0.8443248,0.0042127967,0.5358192,0.0,0.3204121,0.7975279,-0.51116437,0.0,-0.42948472,0.6032699,0.6720205,0.0,-0.3411253,0.3582171,0.0007198863,1.0
8164989392956,590.3425,591.3333,371.54962,200.16672,0.8342978,0.0075950623,0.55126584,0.0,0.32845137,0.7962434,-0.50805557,0.0,-0.44280106,0.60493183,0.6618074,0.0,-0.33472878,0.35787103,0.0028769486,1.0
8164989726155,590.3425,591.3333,371.54962,200.16672,0.82804215,0.009817243,0.5605844,0.0,0.33366603,0.794887,-0.5067802,0.0,-0.45057672,0.6066815,0.6549221,0.0,-0.32890773,0.3574698,0.0043147504,1.0
8164990059353,590.3425,591.3333,371.54962,200.16672,0.8242498,0.01107204,0.56612176,0.0,0.33770072,0.7929213,-0.50718606,0.0,-0.4545061,0.609226,0.6498243,0.0,-0.32322338,0.35689908,0.0054211915,1.0
